Plate ID	Well Name	MEASUREMENT SET ID	Cell: W2 Nucleus Average Intensity (MultiWaveScoring)	% Positive W2 (MultiWaveScoring)	Cell: W3 Nucleus Average Intensity (MultiWaveScoring)	Cell: W3 Cytoplasm Average Intensity (MultiWaveScoring)	Cell: W3 Cell Average Intensity (MultiWaveScoring)	% Positive W3 (MultiWaveScoring)	Total Cells (MultiWaveScoring)	Cell.line	Timepoint
10360	C03	20269	1518.760387	77.139572	1518.760387	14.02780286	1518.930488	2.125215	1741	A375	Day01
10360	C04	20269	2085.744249	85.179955	2085.744249	287.5596488	2083.161695	16.513762	2834	A375	Day01
10360	C05	20269	2002.056484	83.320892	2002.056484	227.6922693	2002.58624	13.283582	2680	A375	Day01
10360	C06	20269	2042.2166	81.684982	2042.2166	322.2686125	2043.340435	16.017317	3003	A375	Day01
10360	C07	20269	1884.837947	80.311066	1884.837947	99.23746736	1884.632803	10.427713	2829	A375	Day01
10360	C08	20269	4753.412588	87.827713	4753.412588	4095.340351	4596.180751	88.014984	1602	A375	Day01
10360	C09	20269	6596.864876	97.295349	6596.864876	4802.629282	5853.772466	98.809952	2773	A375	Day01
10360	C10	20269	6623.165237	98.23307	6623.165237	4705.814572	5837.370162	99.1586	2377	A375	Day01
10360	C11	20269	5235.919392	94.762955	5235.919392	4413.533154	4930.79708	97.078278	1814	A375	Day01
10360	C12	20269	5207.239619	87.252312	5207.239619	4535.463092	4935.784896	91.809776	1514	A375	Day01
10360	D03	20269	1918.249033	87.038704	1918.249033	209.0827503	1916.243932	15.526552	2222	A375	Day01
10360	D04	20269	1789.232778	85.747231	1789.232778	179.1789805	1788.487061	13.791512	2168	A375	Day01
10360	D05	20269	1461.203999	74.944321	1461.203999	87.93060434	1463.17597	5.011136	2694	A375	Day01
10360	D06	20269	1013.676273	61.486103	1013.676273	4.404489362	1014.443634	0.283607	1763	A375	Day01
10360	D07	20269	1638.372623	81.74765	1638.372623	124.3459998	1638.64208	8.411596	2449	A375	Day01
10360	D08	20269	6658.128446	96.927269	6658.128446	5044.464259	5946.047651	98.794243	2571	A375	Day01
10360	D09	20269	6695.037141	96.953209	6695.037141	5107.532216	5989.204539	98.948135	2757	A375	Day01
10360	D10	20269	6745.909884	97.407562	6745.909884	5057.144254	5981.179428	98.767532	2353	A375	Day01
10360	D11	20269	7002.5461	96.098831	7002.5461	5161.530017	6134.695707	98.48288	2307	A375	Day01
10360	D12	20269	7025.634156	96.333336	7025.634156	5323.07781	6174.43629	98.888885	2700	A375	Day01
10360	E03	20269	1281.681697	76.013657	1281.681697	28.39628744	1281.533544	2.091336	2343	A375	Day01
10360	E04	20269	1115.288009	69.719627	1115.288009	13.49684522	1115.257673	1.682243	2140	A375	Day01
10360	E05	20269	537.3759682	27.156549	537.3759682	0	537.3759682	0	1565	A375	Day01
10360	E06	20269	811.9229209	50.771812	811.9229209	10.76986592	811.872695	0.402685	2980	A375	Day01
10360	E07	20269	951.8149161	58.90062	951.8149161	10.82933655	951.7436607	0.618857	2747	A375	Day01
10360	E08	20269	5589.199585	92.267067	5589.199585	4601.267513	5185.226593	96.114677	2651	A375	Day01
10360	E09	20269	6054.789514	96.035431	6054.789514	4923.065546	5545.691033	96.710251	2371	A375	Day01
10360	E10	20269	5479.163541	95.276436	5479.163541	4512.508896	5101.81323	97.262482	1863	A375	Day01
10360	E11	20269	6246.899392	95.63591	6246.899392	5064.26873	5682.561636	97.589363	2406	A375	Day01
10360	E12	20269	6803.425255	95.72467	6803.425255	5281.547828	6046.757552	98.289871	2339	A375	Day01
10360	F03	20269	870.6562271	56.680328	870.6562271	7.059859479	870.7481051	0.532787	2440	A375	Day01
10360	F04	20269	727.1095783	51.017639	727.1095783	3.087008141	727.1125083	0.587969	2211	A375	Day01
10360	F05	20269	525.4072181	30.690098	525.4072181	0	525.4072181	0	2333	A375	Day01
10360	F06	20269	460.0487319	21.130604	460.0487319	0	460.0487319	0	2565	A375	Day01
10360	F07	20269	661.992887	39.061928	661.992887	2.572440612	662.0112658	0.183217	2729	A375	Day01
10360	F08	20269	4305.158434	86.722176	4305.158434	3482.103065	4174.727105	81.726555	2282	A375	Day01
10360	F09	20269	5122.354474	89.186043	5122.354474	4498.851898	4904.753147	89.457367	2580	A375	Day01
10360	F10	20269	4011.969401	90.549324	4011.969401	2827.153518	3915.099984	75.605431	1693	A375	Day01
10360	F11	20269	4333.382563	88.73735	4333.382563	3236.426416	4182.049578	79.806427	2273	A375	Day01
10360	F12	20269	4774.433704	91.936668	4774.433704	4135.830967	4602.435896	88.438881	2716	A375	Day01
10360	G03	20269	508.9657394	24.980175	508.9657394	0	508.9657394	0	2522	A375	Day01
10360	G04	20269	401.9933699	8.780842	401.9933699	0	401.9933699	3.63E-02	2756	A375	Day01
10360	G05	20269	294.3951824	0.884956	294.3951824	0	294.3951824	0	2938	A375	Day01
10360	G06	20269	309.9265468	0.978893	309.9265468	0	309.9265468	0	3269	A375	Day01
10360	G07	20269	339.206641	3.017097	339.206641	0	339.206641	0	2983	A375	Day01
10360	G08	20269	2366.890145	61.708481	2366.890145	346.0405244	2371.817516	7.526882	1674	A375	Day01
10360	G09	20269	3305.240196	75.052261	3305.240196	2247.122963	3317.239863	44.25087	2870	A375	Day01
10360	G10	20269	2856.908213	78.834015	2856.908213	1506.196596	2858.911161	31.377645	2693	A375	Day01
10360	G11	20269	2514.384913	77.98642	2514.384913	1052.927268	2527.765818	21.693968	2503	A375	Day01
10360	G12	20269	2890.286423	79.099304	2890.286423	1367.998687	2882.047436	31.678213	2598	A375	Day01
10360	H03	20269	264.5554844	0.107875	264.5554844	0	264.5554844	0	2781	A375	Day01
10360	H04	20269	238.7706261	0	238.7706261	0	238.7706261	0	2800	A375	Day01
10360	H05	20269	220.17062	0	220.17062	0	220.17062	0	2412	A375	Day01
10360	H06	20269	225.7347905	0	225.7347905	0	225.7347905	0	2735	A375	Day01
10360	H07	20269	231.390895	0	231.390895	0	231.390895	0	1879	A375	Day01
10360	H08	20269	1244.215841	48.938828	1244.215841	0	1244.215841	0	1602	A375	Day01
10360	H09	20269	1424.870983	67.170891	1424.870983	14.82373726	1424.882649	0.490597	2446	A375	Day01
10360	H10	20269	1396.127843	69.775818	1396.127843	28.27250795	1396.662813	0.720576	2498	A375	Day01
10360	H11	20269	1660.391873	69.931335	1660.391873	41.83838129	1661.027749	0.795085	2767	A375	Day01
10360	H12	20269	1488.156384	67.220375	1488.156384	31.28009148	1487.910781	0.92285	2709	A375	Day01
10360	I03	20269	1588.395773	80.6213	1588.395773	46.9505549	1588.653108	4.585799	2028	A375	Day01
10360	I04	20269	1480.874554	79.007095	1480.874554	17.56304427	1480.861292	2.931442	2115	A375	Day01
10360	I05	20269	1846.852012	89.353027	1846.852012	186.6959023	1845.757585	15.843098	1963	A375	Day01
10360	I06	20269	1893.351536	82.881294	1893.351536	152.5818225	1893.95962	10.84889	2839	A375	Day01
10360	I07	20269	1222.203425	52.153667	1222.203425	3.888748044	1222.301809	0.116414	1718	A375	Day01
10360	I08	20269	5879.484303	95.592644	5879.484303	4717.969998	5389.88859	98.50235	2337	A375	Day01
10360	I09	20269	6720.130298	96.200272	6720.130298	5004.550577	5905.469031	98.390701	2237	A375	Day01
10360	I10	20269	7246.582643	97.666664	7246.582643	5066.387388	6307.978116	99.166664	2400	A375	Day01
10360	I11	20269	7359.475082	95.657837	7359.475082	5120.204458	6277.372311	98.089447	2303	A375	Day01
10360	I12	20269	7500.332728	96.930847	7500.332728	5312.922864	6452.585472	98.95105	2574	A375	Day01
10360	J03	20269	1866.251976	81.10714	1866.251976	135.5501363	1867.023539	11.107142	2800	A375	Day01
10360	J04	20269	1640.757203	77.274284	1640.757203	107.1619573	1640.834954	7.243392	2913	A375	Day01
10360	J05	20269	1101.233439	67.199585	1101.233439	3.608583022	1101.249277	0.51573	1939	A375	Day01
10360	J06	20269	1048.627261	61.197605	1048.627261	0	1048.627261	0.179641	1670	A375	Day01
10360	J07	20269	1119.934648	64.499039	1119.934648	8.31213767	1119.949308	0.529865	2076	A375	Day01
10360	J08	20269	6554.366521	95.537849	6554.366521	5152.179614	5843.120635	97.808762	2510	A375	Day01
10360	J09	20269	5476.482538	92.262848	5476.482538	4706.787785	5155.496029	97.08532	1887	A375	Day01
10360	J10	20269	5584.326332	95.30838	5584.326332	4620.432224	5176.273328	97.68055	1897	A375	Day01
10360	J11	20269	6543.287855	96.532593	6543.287855	5009.029306	5825.224287	98.797966	2163	A375	Day01
10360	J12	20269	6677.29228	96.343536	6677.29228	5158.801381	5918.340993	97.959183	2352	A375	Day01
10360	K03	20269	808.7167566	54.00631	808.7167566	0	808.7167566	0	1585	A375	Day01
10360	K04	20269	818.3716773	54.924244	818.3716773	1.54391572	818.3735289	0.189394	2112	A375	Day01
10360	K05	20269	902.7486742	60.450821	902.7486742	4.442939133	902.7777558	0.45082	2440	A375	Day01
10360	K06	20269	904.8538934	59.14777	904.8538934	8.681007367	904.9042792	0.703675	2558	A375	Day01
10360	K07	20269	959.1067951	60.635059	959.1067951	4.503336624	959.0943866	0.652458	2299	A375	Day01
10360	K08	20269	5612.623969	93.043137	5612.623969	4678.161123	5233.450947	95.763702	2573	A375	Day01
10360	K09	20269	5082.303819	94.762535	5082.303819	4470.195415	4882.519235	93.519753	2253	A375	Day01
10360	K10	20269	5128.795665	95.231606	5128.795665	4320.622023	4835.633288	94.595825	2202	A375	Day01
10360	K11	20269	5083.589367	93.752708	5083.589367	4371.021094	4861.167607	92.928413	2305	A375	Day01
10360	K12	20269	5240.503433	93.050041	5240.503433	4572.235212	4988.519891	93.129471	2518	A375	Day01
10360	L03	20269	708.0834348	43.363148	708.0834348	0	708.0834348	0	2795	A375	Day01
10360	L04	20269	590.7789012	31.373182	590.7789012	0	590.7789012	0	3095	A375	Day01
10360	L05	20269	514.3498736	20.76013	514.3498736	0	514.3498736	0	2789	A375	Day01
10360	L06	20269	418.1799329	13.549869	418.1799329	0	418.1799329	0	3048	A375	Day01
10360	L07	20269	581.7347379	30.178173	581.7347379	0	581.7347379	0	2694	A375	Day01
10360	L08	20269	3666.868588	80.111938	3666.868588	2446.918773	3602.162392	57.425373	2680	A375	Day01
10360	L09	20269	3518.812571	80.882355	3518.812571	2346.249249	3475.83215	53.084648	2788	A375	Day01
10360	L10	20269	3303.225882	82.427742	3303.225882	2011.919139	3279.868834	47.013489	2595	A375	Day01
10360	L11	20269	2956.456864	79.615837	2956.456864	1379.985898	2937.85948	35.045082	2551	A375	Day01
10360	L12	20269	3502.613261	83.833015	3502.613261	2547.883481	3487.881394	54.497154	2635	A375	Day01
10360	M03	20269	299.4803726	0.061237	299.4803726	0	299.4803726	0	1633	A375	Day01
10360	M04	20269	274.7514467	0.844069	274.7514467	0	274.7514467	0	2251	A375	Day01
10360	M05	20269	273.4615518	0.225479	273.4615518	0	273.4615518	0	2661	A375	Day01
10360	M06	20269	257.3295105	0.334324	257.3295105	0	257.3295105	0	2692	A375	Day01
10360	M07	20269	262.2294566	0.627615	262.2294566	0	262.2294566	0	1912	A375	Day01
10360	M08	20269	1534.739391	61.789181	1534.739391	21.24234682	1534.985424	0.762829	1442	A375	Day01
10360	M09	20269	1560.016275	65.567009	1560.016275	32.44799742	1560.329664	1.597938	1940	A375	Day01
10360	M10	20269	1541.8917	77.990707	1541.8917	34.53533872	1541.878616	2.61324	1722	A375	Day01
10360	M11	20269	1927.902781	83.3181	1927.902781	289.4285941	1926.641145	8.318099	2188	A375	Day01
10360	M12	20269	1897.479528	69.696968	1897.479528	146.6607043	1898.02182	5.325987	2178	A375	Day01
10360	N03	20269	240.5689729	0	240.5689729	0	240.5689729	0	1547	A375	Day01
10360	N04	20269	227.3688187	0	227.3688187	0	227.3688187	0	2472	A375	Day01
10360	N05	20269	255.1960402	0	255.1960402	0	255.1960402	0	1836	A375	Day01
10360	N06	20269	204.1068142	0	204.1068142	0	204.1068142	0	2726	A375	Day01
10360	N07	20269	229.8612712	9.20E-02	229.8612712	0	229.8612712	0	2173	A375	Day01
10360	N08	20269	1467.33258	64.314926	1467.33258	39.46632107	1467.637777	0.886162	2934	A375	Day01
10360	N09	20269	1579.698432	69.153152	1579.698432	83.55168866	1579.045215	1.801802	2775	A375	Day01
10360	N10	20269	1312.89462	76.884422	1312.89462	5.876773325	1312.894046	1.451703	1791	A375	Day01
10360	N11	20269	1576.71949	87.392838	1576.71949	74.1590626	1577.03916	4.992436	1983	A375	Day01
10360	N12	20269	1366.921095	63.62949	1366.921095	16.27347904	1367.084213	0.642722	2645	A375	Day01
10361	C03	20270	1829.098423	83.391815	1829.098423	236.5573245	1827.748079	13.450293	855	CFPAC1	Day01
10361	C04	20270	1693.544305	84.223305	1693.544305	132.1506798	1693.54637	10.355987	1236	CFPAC1	Day01
10361	C05	20270	2315.118853	80.332985	2315.118853	420.8830503	2311.452918	22.944849	1922	CFPAC1	Day01
10361	C06	20270	1955.336464	82.372597	1955.336464	212.0771548	1955.828315	15.873015	1197	CFPAC1	Day01
10361	C07	20270	1288.444076	66.899765	1288.444076	64.51916248	1288.652926	2.331002	429	CFPAC1	Day01
10361	C08	20270	8230.851295	79.429428	8230.851295	7307.033815	7675.470121	99.024025	1332	CFPAC1	Day01
10361	C09	20270	9320.942137	83.714005	9320.942137	7640.68752	8376.344031	99.304863	1007	CFPAC1	Day01
10361	C10	20270	9520.071265	83.551117	9520.071265	7813.6776	8519.414697	99.385086	1301	CFPAC1	Day01
10361	C11	20270	10397.31767	82.990868	10397.31767	8532.596615	9334.495566	99.086761	876	CFPAC1	Day01
10361	C12	20270	9785.522235	78.780067	9785.522235	8559.958503	9052.356079	99.054985	1164	CFPAC1	Day01
10361	D03	20270	2503.850736	86.379311	2503.850736	694.5441882	2487.738482	32.758621	580	CFPAC1	Day01
10361	D04	20270	1906.016748	79.391426	1906.016748	210.487226	1902.157074	14.107883	723	CFPAC1	Day01
10361	D05	20270	1954.086649	74.653976	1954.086649	210.8989849	1950.155099	15.311419	1156	CFPAC1	Day01
10361	D06	20270	2237.25989	78.997406	2237.25989	427.4944438	2238.353724	22.644772	1157	CFPAC1	Day01
10361	D07	20270	2065.456647	81.566185	2065.456647	268.0096531	2063.296715	17.255716	1443	CFPAC1	Day01
10361	D08	20270	11845.4078	86.920982	11845.4078	10270.69549	10854.09637	98.501366	734	CFPAC1	Day01
10361	D09	20270	10690.50198	78.629036	10690.50198	8664.330899	9424.531467	92.540321	496	CFPAC1	Day01
10361	D10	20270	10586.92394	85.974304	10586.92394	9048.246073	9675.706192	98.608139	934	CFPAC1	Day01
10361	D11	20270	11123.26389	85.663719	11123.26389	9231.550276	9972.324944	97.699112	565	CFPAC1	Day01
10361	D12	20270	10814.20862	80.092163	10814.20862	9685.773465	10152.94978	98.433182	1085	CFPAC1	Day01
10361	E03	20270	1306.908886	77.945206	1306.908886	25.49339482	1306.941679	2.739726	730	CFPAC1	Day01
10361	E04	20270	1165.718635	70.524231	1165.718635	38.25336846	1167.656635	1.582592	1011	CFPAC1	Day01
10361	E05	20270	1604.789793	73.939095	1604.789793	97.69999005	1604.170293	6.040938	2003	CFPAC1	Day01
10361	E06	20270	1259.573489	71.0177	1259.573489	50.01624489	1260.036141	2.80236	1356	CFPAC1	Day01
10361	E07	20270	985.1631452	57.57143	985.1631452	2.588163191	985.1739228	0.214286	1400	CFPAC1	Day01
10361	E08	20270	7315.34649	72.603981	7315.34649	6301.231591	6881.207544	90.054253	1106	CFPAC1	Day01
10361	E09	20270	11168.83841	80.774193	11168.83841	9846.978089	10354.17249	99.225807	775	CFPAC1	Day01
10361	E10	20270	9563.706417	77.777779	9563.706417	8495.9041	8965.970746	95.899467	756	CFPAC1	Day01
10361	E11	20270	8286.386493	83.373207	8286.386493	6896.334508	7696.972449	91.267944	836	CFPAC1	Day01
10361	E12	20270	8736.829975	75.849731	8736.829975	7762.522356	8217.486108	95.617172	1118	CFPAC1	Day01
10361	F03	20270	1810.663441	85.396828	1810.663441	228.5698273	1806.967171	11.746032	630	CFPAC1	Day01
10361	F04	20270	1279.278644	76.591759	1279.278644	12.73851442	1279.381839	2.059925	534	CFPAC1	Day01
10361	F05	20270	1525.32597	82.913666	1525.32597	122.174204	1524.415227	5.755396	556	CFPAC1	Day01
10361	F06	20270	1321.598914	84.337349	1321.598914	53.37878712	1321.820141	3.212852	498	CFPAC1	Day01
10361	F07	20270	1386.06633	75.899284	1386.06633	38.57397461	1385.047626	2.697842	556	CFPAC1	Day01
10361	F08	20270	12159.90233	86.003685	12159.90233	10196.73908	10932.04931	98.342545	543	CFPAC1	Day01
10361	F09	20270	12072.91756	86.091797	12072.91756	11306.05888	11555.77399	99.026428	719	CFPAC1	Day01
10361	F10	20270	11811.0563	86.924942	11811.0563	9236.324312	10291.56314	95.883774	413	CFPAC1	Day01
10361	F11	20270	11070.87981	82.619644	11070.87981	10064.87524	10445.30038	96.977333	794	CFPAC1	Day01
10361	F12	20270	12636.98057	88.796684	12636.98057	11368.68217	11837.53434	97.372063	723	CFPAC1	Day01
10361	G03	20270	1359.981459	79.757088	1359.981459	42.42826549	1360.484937	1.754386	741	CFPAC1	Day01
10361	G04	20270	1230.70667	72.046959	1230.70667	31.72449277	1231.127861	1.907557	1363	CFPAC1	Day01
10361	G05	20270	1008.930823	60.204082	1008.930823	36.49227237	1009.778732	1.70068	1470	CFPAC1	Day01
10361	G06	20270	1066.871061	62.821949	1066.871061	19.87021465	1066.300156	0.615901	1786	CFPAC1	Day01
10361	G07	20270	998.759892	60.591602	998.759892	3.151717557	998.7557514	0.667939	1048	CFPAC1	Day01
10361	G08	20270	8225.806918	66.493507	8225.806918	8650.893879	8399.316508	97.454544	1925	CFPAC1	Day01
10361	G09	20270	10278.27525	83.538635	10278.27525	9970.459044	10034.87734	97.760361	893	CFPAC1	Day01
10361	G10	20270	9352.313852	75.131348	9352.313852	9239.003481	9234.391842	98.248688	1142	CFPAC1	Day01
10361	G11	20270	10409.63564	79.472137	10409.63564	10338.67036	10308.01244	98.044968	1023	CFPAC1	Day01
10361	G12	20270	9917.752342	74.881065	9917.752342	9907.285631	9889.510494	98.097054	1051	CFPAC1	Day01
10361	H03	20270	287.1257838	0.647668	287.1257838	0	287.1257838	0	772	CFPAC1	Day01
10361	H04	20270	361.5185357	2.222222	361.5185357	15.12945644	359.9269947	0.392157	765	CFPAC1	Day01
10361	H05	20270	262.5465951	0.193798	262.5465951	0	262.5465951	0	516	CFPAC1	Day01
10361	H06	20270	579.3152731	26.8797	579.3152731	6.369607338	579.5509683	0.18797	532	CFPAC1	Day01
10361	H07	20270	279.8131209	0	279.8131209	0	279.8131209	0	845	CFPAC1	Day01
10361	H08	20270	3685.900438	82.5	3685.900438	2886.406344	3603.997076	60.909092	440	CFPAC1	Day01
10361	H09	20270	3687.109081	72.90168	3687.109081	3076.312455	3719.096103	57.793766	834	CFPAC1	Day01
10361	H10	20270	5270.868728	76.801155	5270.868728	4322.484499	5063.199801	67.146973	694	CFPAC1	Day01
10361	H11	20270	4066.216956	78.90625	4066.216956	3081.591601	3959.101781	60.677082	768	CFPAC1	Day01
10361	H12	20270	4860.419371	79.278229	4860.419371	4572.115745	4885.330035	77.64843	859	CFPAC1	Day01
10361	I03	20270	2315.724521	85.071945	2315.724521	552.831633	2308.487467	30.755396	556	CFPAC1	Day01
10361	I04	20270	2373.248533	84.403671	2373.248533	511.0392285	2373.290223	25.688074	872	CFPAC1	Day01
10361	I05	20270	2048.457316	81.913773	2048.457316	308.2238182	2045.077093	19.663511	951	CFPAC1	Day01
10361	I06	20270	1747.479416	79.585327	1747.479416	98.11361534	1749.520666	7.974482	627	CFPAC1	Day01
10361	I07	20270	2325.251981	80.273972	2325.251981	451.6220115	2312.038365	23.972603	730	CFPAC1	Day01
10361	I08	20270	10009.37277	83.128838	10009.37277	8379.981736	9052.447382	93.865028	652	CFPAC1	Day01
10361	I09	20270	13266.72071	86.91729	13266.72071	11305.2724	12095.00948	99.248123	665	CFPAC1	Day01
10361	I10	20270	12554.31388	89.827583	12554.31388	10313.12066	11245.18401	98.793106	580	CFPAC1	Day01
10361	I11	20270	12525.54085	89.864868	12525.54085	10710.71913	11446.86259	98.648651	592	CFPAC1	Day01
10361	I12	20270	12383.9516	88.816643	12383.9516	10686.63831	11347.95964	99.479843	769	CFPAC1	Day01
10361	J03	20270	1814.697394	76.054588	1814.697394	217.162445	1814.432314	10.545906	806	CFPAC1	Day01
10361	J04	20270	1820.693306	83.870964	1820.693306	278.1406213	1827.392997	14.421252	527	CFPAC1	Day01
10361	J05	20270	1596.983862	71.595329	1596.983862	55.52747168	1596.22191	2.723735	771	CFPAC1	Day01
10361	J06	20270	2005.555815	72.745491	2005.555815	213.8142557	1998.689874	10.821643	998	CFPAC1	Day01
10361	J07	20270	1624.567426	72.215271	1624.567426	83.42414346	1624.944541	5.006258	799	CFPAC1	Day01
10361	J08	20270	9061.063438	78.549385	9061.063438	7703.56118	8401.564006	90.432098	648	CFPAC1	Day01
10361	J09	20270	11757.16065	83.599998	11757.16065	9843.213179	10603.00586	98.133331	750	CFPAC1	Day01
10361	J10	20270	12624.73294	83.790848	12624.73294	10878.21484	11548.66534	98.823532	765	CFPAC1	Day01
10361	J11	20270	9753.355876	80.454544	9753.355876	8465.546363	9030.210003	97.545456	1100	CFPAC1	Day01
10361	J12	20270	11987.42847	84.779297	11987.42847	9991.391756	10760.01654	97.412483	657	CFPAC1	Day01
10361	K03	20270	1727.953274	78.051643	1727.953274	110.7407204	1728.057619	9.507042	852	CFPAC1	Day01
10361	K04	20270	1727.420271	79.740685	1727.420271	179.01098	1731.738736	9.23825	617	CFPAC1	Day01
10361	K05	20270	1540.429854	74.428574	1540.429854	71.1146296	1540.243128	5.714286	700	CFPAC1	Day01
10361	K06	20270	1662.127175	75.356575	1662.127175	133.2830609	1664.379739	6.259905	1262	CFPAC1	Day01
10361	K07	20270	1424.724968	69.486824	1424.724968	79.83968596	1427.574386	3.051318	721	CFPAC1	Day01
10361	K08	20270	9849.755222	80.322006	9849.755222	9243.285217	9485.571045	98.300537	1118	CFPAC1	Day01
10361	K09	20270	10309.53549	83.479347	10309.53549	10066.95116	10142.29626	97.997498	799	CFPAC1	Day01
10361	K10	20270	12408.95789	91.090912	12408.95789	10704.3545	11446.9243	98.909088	550	CFPAC1	Day01
10361	K11	20270	11873.93936	88.423157	11873.93936	9755.086505	10582.97881	98.00399	501	CFPAC1	Day01
10361	K12	20270	10345.3077	78.156998	10345.3077	9736.830515	9977.100049	95.790672	879	CFPAC1	Day01
10361	L03	20270	1743.955656	82.204727	1743.955656	125.7573788	1743.586281	9.133859	635	CFPAC1	Day01
10361	L04	20270	1400.905582	78.303429	1400.905582	51.93890988	1401.412914	3.588907	613	CFPAC1	Day01
10361	L05	20270	946.0195067	52.489906	946.0195067	9.025216802	946.0611206	0.403769	743	CFPAC1	Day01
10361	L06	20270	1329.054527	75.231483	1329.054527	44.15788043	1329.203238	2.314815	864	CFPAC1	Day01
10361	L07	20270	1315.711193	66.926407	1315.711193	42.5058023	1316.372661	2.770563	1155	CFPAC1	Day01
10361	L08	20270	11008.97154	86.516853	11008.97154	9571.190005	10126.88202	98.073837	623	CFPAC1	Day01
10361	L09	20270	10685.83257	81.060608	10685.83257	9292.584159	9836.216146	96.818184	660	CFPAC1	Day01
10361	L10	20270	10845.70823	84.118439	10845.70823	10104.96616	10356.23271	98.384926	743	CFPAC1	Day01
10361	L11	20270	8102.872012	74.335258	8102.872012	6910.660763	7566.146467	90.751442	865	CFPAC1	Day01
10361	L12	20270	10236.30966	79.329613	10236.30966	9113.260703	9518.544844	98.212288	895	CFPAC1	Day01
10361	M03	20270	1151.74975	64.416061	1151.74975	16.0979837	1153.485948	0.638686	1096	CFPAC1	Day01
10361	M04	20270	857.6669073	48.991356	857.6669073	0	857.6669073	7.20E-02	1388	CFPAC1	Day01
10361	M05	20270	801.0166236	46.06855	801.0166236	3.797019467	800.4125114	0.403226	992	CFPAC1	Day01
10361	M06	20270	978.4592742	54.302925	978.4592742	6.677132007	978.4908648	0.774527	1162	CFPAC1	Day01
10361	M07	20270	1084.636223	70.646767	1084.636223	6.909452736	1084.654993	0.298507	1005	CFPAC1	Day01
10361	M08	20270	10998.69926	80.457146	10998.69926	11235.90893	11056.17127	97.942856	875	CFPAC1	Day01
10361	M09	20270	8768.390807	79.375	8768.390807	7739.077659	8186.593917	95.625	640	CFPAC1	Day01
10361	M10	20270	8455.848232	69.74044	8455.848232	8898.496521	8645.574548	96.926231	1464	CFPAC1	Day01
10361	M11	20270	10571.34861	79.908676	10571.34861	10716.56612	10574.7857	98.401825	876	CFPAC1	Day01
10361	M12	20270	10999.31097	81.102364	10999.31097	10660.16531	10740.05901	97.900261	762	CFPAC1	Day01
10361	N03	20270	553.0883283	21	553.0883283	0	553.0883283	0.375	800	CFPAC1	Day01
10361	N04	20270	375.9000136	3.960396	375.9000136	0	375.9000136	0	909	CFPAC1	Day01
10361	N05	20270	345.6066541	3.195739	345.6066541	0	345.6066541	0	1502	CFPAC1	Day01
10361	N06	20270	307.035843	0.30581	307.035843	0	307.035843	0	654	CFPAC1	Day01
10361	N07	20270	416.3459756	5.704698	416.3459756	0	416.3459756	0	596	CFPAC1	Day01
10361	N08	20270	3052.466294	71.875	3052.466294	2288.180064	3088.540912	43.865742	864	CFPAC1	Day01
10361	N09	20270	2137.41702	59.3423	2137.41702	635.2832951	2134.607157	14.200299	669	CFPAC1	Day01
10361	N10	20270	5867.549633	81.024094	5867.549633	4881.450249	5544.458491	81.626503	664	CFPAC1	Day01
10361	N11	20270	6410.425509	78.459824	6410.425509	6085.029491	6263.43899	91.071426	896	CFPAC1	Day01
10361	N12	20270	3995.0201	77.690582	3995.0201	3761.435311	4087.4724	70.179375	892	CFPAC1	Day01
10362	C03	20271	980.0190506	34.681007	980.0190506	52.73138564	980.9584679	0.55638	2696	H1373	Day01
10362	C04	20271	1129.985159	39.137699	1129.985159	93.75265633	1132.024047	1.570856	2992	H1373	Day01
10362	C05	20271	1403.573558	42.695885	1403.573558	179.3937079	1400.209405	3.021248	3012	H1373	Day01
10362	C06	20271	1598.230178	43.159203	1598.230178	339.5525967	1603.312421	6.498756	3216	H1373	Day01
10362	C07	20271	1969.479367	47.043533	1969.479367	630.5062659	1977.501576	11.890839	3078	H1373	Day01
10362	C08	20271	8541.101291	92.312309	8541.101291	6357.754027	7529.618961	99.129128	3330	H1373	Day01
10362	C09	20271	7600.667666	87.781853	7600.667666	6729.419163	7165.623489	96.696381	1907	H1373	Day01
10362	C10	20271	9020.284174	94.44101	9020.284174	6212.152418	7734.07487	99.382332	3238	H1373	Day01
10362	C11	20271	8418.498987	91.6129	8418.498987	6368.063636	7451.854398	99.231949	3255	H1373	Day01
10362	C12	20271	7780.200863	90.043449	7780.200863	5981.047837	6863.186111	98.660393	2762	H1373	Day01
10362	D03	20271	4168.107006	78.389961	4168.107006	2543.458482	4001.576238	71.594734	3267	H1373	Day01
10362	D04	20271	4301.244016	78.129456	4301.244016	2654.813447	4132.807067	72.512115	3507	H1373	Day01
10362	D05	20271	4185.815047	78.688522	4185.815047	2524.672912	4035.798656	68.179153	3416	H1373	Day01
10362	D06	20271	3742.745646	77.889748	3742.745646	2089.176628	3639.429194	59.928867	3374	H1373	Day01
10362	D07	20271	3091.248538	60.358307	3091.248538	1727.126002	3045.682972	37.394138	3070	H1373	Day01
10362	D08	20271	9608.452041	95.241158	9608.452041	6465.838656	8104.493966	99.228294	3110	H1373	Day01
10362	D09	20271	9163.185372	94.55307	9163.185372	6930.409517	8010.337639	99.692734	3580	H1373	Day01
10362	D10	20271	7622.326368	91.455811	7622.326368	6038.256884	6849.323058	98.569855	2727	H1373	Day01
10362	D11	20271	8927.973665	93.638916	8927.973665	6310.657795	7694.557057	99.25164	3207	H1373	Day01
10362	D12	20271	7933.957453	91.561043	7933.957453	6099.394565	7079.029889	98.765846	2998	H1373	Day01
10362	E03	20271	507.561955	17.126213	507.561955	14.23338583	508.1643863	0.15534	2575	H1373	Day01
10362	E04	20271	493.5479583	16.575876	493.5479583	13.80593632	494.0985783	7.78E-02	2570	H1373	Day01
10362	E05	20271	276.427372	2.830626	276.427372	2.664849188	276.4461572	0	2155	H1373	Day01
10362	E06	20271	505.914361	15.613653	505.914361	0	505.914361	0	2754	H1373	Day01
10362	E07	20271	590.2933421	17.636559	590.2933421	6.965037424	590.3925816	3.57E-02	2801	H1373	Day01
10362	E08	20271	6511.345046	81.554619	6511.345046	5722.868736	6227.740011	93.361343	2380	H1373	Day01
10362	E09	20271	7965.712597	87.684212	7965.712597	6551.490851	7218.957771	98.561401	2850	H1373	Day01
10362	E10	20271	6264.477269	86.312958	6264.477269	5394.722486	5859.820564	97.462517	2601	H1373	Day01
10362	E11	20271	7019.136903	81.449997	7019.136903	6084.211814	6732.288948	90.199997	2000	H1373	Day01
10362	E12	20271	6832.177664	85.301208	6832.177664	5849.008735	6373.686258	95.582329	2490	H1373	Day01
10362	F03	20271	3007.659992	71.704742	3007.659992	1183.525651	2956.15282	37.199764	3414	H1373	Day01
10362	F04	20271	1260.80601	41.624538	1260.80601	218.1604972	1264.924782	4.583755	2967	H1373	Day01
10362	F05	20271	1948.82681	62.439175	1948.82681	438.949759	1946.170792	14.446472	3288	H1373	Day01
10362	F06	20271	1660.620852	64.282677	1660.620852	135.6306905	1660.513548	5.53427	2349	H1373	Day01
10362	F07	20271	2175.662942	66.787926	2175.662942	435.1016237	2166.068915	16.878864	2749	H1373	Day01
10362	F08	20271	8456.817541	90.607239	8456.817541	7040.23726	7665.131429	99.581215	3343	H1373	Day01
10362	F09	20271	7292.352947	81.51033	7292.352947	6433.768794	6850.394083	97.764984	2953	H1373	Day01
10362	F10	20271	7922.118514	85.548523	7922.118514	6691.841285	7269.399945	99.191277	2844	H1373	Day01
10362	F11	20271	8767.49918	91.17382	8767.49918	7164.715163	7890.238433	99.729813	3331	H1373	Day01
10362	F12	20271	6511.619011	75.433838	6511.619011	5361.290744	6376.540429	78.579178	1844	H1373	Day01
10362	G03	20271	572.7213687	19.67655	572.7213687	10.00627025	572.8566172	0.067385	2968	H1373	Day01
10362	G04	20271	842.0264301	32.564331	842.0264301	37.76034944	842.9165712	0.591541	3381	H1373	Day01
10362	G05	20271	398.8227078	5.93308	398.8227078	0	398.8227078	0	2899	H1373	Day01
10362	G06	20271	533.360959	15.280761	533.360959	2.510947673	533.3706241	3.07E-02	3259	H1373	Day01
10362	G07	20271	713.2773772	25.065048	713.2773772	30.14130823	713.962619	5.78E-02	3459	H1373	Day01
10362	G08	20271	7884.642708	86.442955	7884.642708	6825.974146	7300.509231	99.664429	2980	H1373	Day01
10362	G09	20271	8320.299406	85.300003	8320.299406	7060.458661	7607.920938	98.400002	3000	H1373	Day01
10362	G10	20271	7318.809945	76.020409	7318.809945	6857.935286	7057.065424	97.927299	3136	H1373	Day01
10362	G11	20271	7863.911193	83.727211	7863.911193	6768.812577	7220.812732	98.987167	2962	H1373	Day01
10362	G12	20271	5456.316217	79.679855	5456.316217	4744.160486	5301.159022	85.415741	2249	H1373	Day01
10362	H03	20271	400.2531002	6.328659	400.2531002	0	400.2531002	0	2781	H1373	Day01
10362	H04	20271	345.2375231	6.189258	345.2375231	0	345.2375231	0	1955	H1373	Day01
10362	H05	20271	405.4389338	7.094919	405.4389338	2.519742074	405.4446154	0.127836	3129	H1373	Day01
10362	H06	20271	272.6682424	4.933028	272.6682424	1.224949864	272.684633	0	3061	H1373	Day01
10362	H07	20271	377.1287141	4.722979	377.1287141	1.800419511	377.1478348	0	3303	H1373	Day01
10362	H08	20271	2628.780131	57.928612	2628.780131	37.36266897	2628.682062	0.877706	1709	H1373	Day01
10362	H09	20271	3934.533151	84.797508	3934.533151	2451.404697	3934.633157	48.099689	3210	H1373	Day01
10362	H10	20271	3514.422429	83.047424	3514.422429	1579.44186	3515.546475	34.510597	1982	H1373	Day01
10362	H11	20271	3020.26964	68.104118	3020.26964	422.6581319	3023.4859	9.207459	2574	H1373	Day01
10362	H12	20271	3776.210191	85.612671	3776.210191	2221.400231	3783.007148	43.291302	3093	H1373	Day01
10362	I03	20271	1212.46368	42.199169	1212.46368	123.3061919	1215.081486	2.655602	2410	H1373	Day01
10362	I04	20271	3218.042212	66.998505	3218.042212	1660.292324	3194.354373	38.327526	2009	H1373	Day01
10362	I05	20271	3262.212266	62.682117	3262.212266	1882.2665	3211.331186	42.847683	3020	H1373	Day01
10362	I06	20271	1363.193076	41.298344	1363.193076	101.0210375	1363.880256	2.900553	2896	H1373	Day01
10362	I07	20271	1418.801242	44.204323	1418.801242	61.09876663	1419.065479	1.719057	2036	H1373	Day01
10362	I08	20271	8366.874626	91.367432	8366.874626	6449.290634	7394.761855	99.093216	2757	H1373	Day01
10362	I09	20271	9057.785157	94.60508	9057.785157	6327.17366	7727.484902	99.224258	2836	H1373	Day01
10362	I10	20271	8651.659062	93.899483	8651.659062	6260.716715	7495.893113	99.168114	2885	H1373	Day01
10362	I11	20271	9795.63378	96.401382	9795.63378	6237.981904	8045.135584	99.584778	2890	H1373	Day01
10362	I12	20271	9070.975084	95.882553	9070.975084	6238.016832	7708.7897	99.156258	2963	H1373	Day01
10362	J03	20271	3536.566417	81.500366	3536.566417	1670.55506	3458.53025	56.846321	2746	H1373	Day01
10362	J04	20271	3630.73976	80.013733	3630.73976	1940.227788	3530.98733	58.138737	2912	H1373	Day01
10362	J05	20271	2518.988231	68.866638	2518.988231	825.6160844	2507.79332	26.035503	2197	H1373	Day01
10362	J06	20271	3165.280505	70.616623	3165.280505	1603.231005	3137.327522	38.873993	1865	H1373	Day01
10362	J07	20271	3905.965813	80.019493	3905.965813	2237.055984	3773.288532	62.930473	3078	H1373	Day01
10362	J08	20271	8644.472797	94.795166	8644.472797	6672.218982	7588.818906	99.46273	2978	H1373	Day01
10362	J09	20271	7409.188032	91.760979	7409.188032	6352.06981	6835.154469	98.958801	2209	H1373	Day01
10362	J10	20271	7674.599655	93.894386	7674.599655	6188.192865	6897.629472	99.504951	2424	H1373	Day01
10362	J11	20271	6947.05975	82.100937	6947.05975	6121.461496	6617.284634	91.725349	1704	H1373	Day01
10362	J12	20271	8875.617623	94.437538	8875.617623	6901.314541	7810.547457	99.564949	3218	H1373	Day01
10362	K03	20271	299.7019635	2.157865	299.7019635	0	299.7019635	0	1761	H1373	Day01
10362	K04	20271	1442.309493	44.592663	1442.309493	133.2648034	1445.11871	3.57313	2099	H1373	Day01
10362	K05	20271	2824.989884	75.203392	2824.989884	1187.583884	2782.897928	35.726917	2827	H1373	Day01
10362	K06	20271	1547.942034	48.238964	1547.942034	148.368151	1549.75167	4.458315	2243	H1373	Day01
10362	K07	20271	3290.525561	68.970192	3290.525561	1692.573744	3238.731323	43.450768	2214	H1373	Day01
10362	K08	20271	8274.291782	91.523712	8274.291782	6603.846273	7352.156667	99.663643	2973	H1373	Day01
10362	K09	20271	8193.707362	92.513893	8193.707362	6954.005844	7508.40484	99.346191	3059	H1373	Day01
10362	K10	20271	8441.276967	91.527878	8441.276967	6585.676434	7416.850176	99.420708	2762	H1373	Day01
10362	K11	20271	8045.130127	91.529526	8045.130127	6776.956383	7339.425461	99.225555	2066	H1373	Day01
10362	K12	20271	8796.958389	92.492783	8796.958389	7147.943905	7881.302965	99.711258	3117	H1373	Day01
10362	L03	20271	1618.021755	54.234924	1618.021755	297.3925011	1620.655081	6.727083	2869	H1373	Day01
10362	L04	20271	2298.056541	70.376228	2298.056541	593.236391	2291.198323	20.044262	3163	H1373	Day01
10362	L05	20271	1886.392351	63.417118	1886.392351	443.039266	1882.42548	13.92663	2944	H1373	Day01
10362	L06	20271	1724.254256	65.661079	1724.254256	183.5341404	1722.14045	9.05028	2685	H1373	Day01
10362	L07	20271	1857.819086	64.780167	1857.819086	238.7555586	1856.06835	8.793264	2138	H1373	Day01
10362	L08	20271	7801.005855	87.527756	7801.005855	6792.97691	7237.498575	99.03775	2702	H1373	Day01
10362	L09	20271	7244.184302	83.231148	7244.184302	6700.968924	6947.333767	99.019005	3262	H1373	Day01
10362	L10	20271	7227.768221	75.172417	7227.768221	6910.573729	7045.961671	98.58934	3190	H1373	Day01
10362	L11	20271	7755.545913	84.700272	7755.545913	7094.905529	7380.091587	99.105278	3353	H1373	Day01
10362	L12	20271	7820.089051	86.990158	7820.089051	6825.957544	7260.476615	99.296768	2844	H1373	Day01
10362	M03	20271	716.3330811	30.861874	716.3330811	12.3895787	716.9639277	0.188182	2657	H1373	Day01
10362	M04	20271	964.3853975	46.179512	964.3853975	68.33063027	966.1188845	1.034368	2997	H1373	Day01
10362	M05	20271	678.4089065	35.317593	678.4089065	14.99243659	678.4728963	0.266046	3007	H1373	Day01
10362	M06	20271	617.9158163	24.992418	617.9158163	13.08345537	617.9954852	0.212314	3297	H1373	Day01
10362	M07	20271	1043.118265	51.853786	1043.118265	3.864036237	1043.104699	0.365535	1915	H1373	Day01
10362	M08	20271	5852.009151	72.909088	5852.009151	4639.424857	5699.574576	74.969696	1650	H1373	Day01
10362	M09	20271	6595.791933	89.021111	6595.791933	5805.348334	6226.490357	97.658348	2605	H1373	Day01
10362	M10	20271	5281.284135	81.784927	5281.284135	4440.334251	5126.803223	80.687637	1367	H1373	Day01
10362	M11	20271	7383.574885	87.587166	7383.574885	6483.695828	6921.274203	98.7099	2868	H1373	Day01
10362	M12	20271	8105.296804	90.155113	8105.296804	7158.264748	7589.492595	99.430199	3159	H1373	Day01
10362	N03	20271	353.7855947	8.092274	353.7855947	0	353.7855947	0	2731	H1373	Day01
10362	N04	20271	349.6572432	7.011572	349.6572432	1.264125255	349.6620431	3.40E-02	2938	H1373	Day01
10362	N05	20271	310.1156042	3.636364	310.1156042	0	310.1156042	0	2530	H1373	Day01
10362	N06	20271	346.0053033	5.404438	346.0053033	0	346.0053033	0	2794	H1373	Day01
10362	N07	20271	330.7297037	5.655004	330.7297037	0	330.7297037	0	2458	H1373	Day01
10362	N08	20271	3512.639735	85.213486	3512.639735	1798.418168	3504.274359	39.730335	2225	H1373	Day01
10362	N09	20271	2736.264154	66.648499	2736.264154	366.3690656	2738.80222	8.937329	1835	H1373	Day01
10362	N10	20271	3661.87224	88.989166	3661.87224	2111.668981	3650.794051	46.823105	2770	H1373	Day01
10362	N11	20271	2663.075036	69.437653	2663.075036	222.601505	2664.047897	6.07172	2454	H1373	Day01
10362	N12	20271	2915.32273	76.362732	2915.32273	555.1667023	2918.73729	12.09118	2018	H1373	Day01
10363	C03	20272	1581.295799	91.176468	1581.295799	132.0984615	1579.201624	10.92437	238	A375	Day08
10363	C04	20272	1438.238582	88.148148	1438.238582	60.82916486	1435.769787	7.407407	135	A375	Day08
10363	C05	20272	1303.026445	90.217392	1303.026445	79.87523618	1299.479501	9.782609	92	A375	Day08
10363	C06	20272	1460.795057	86.633667	1460.795057	149.1150192	1457.358284	9.90099	202	A375	Day08
10363	C07	20272	847.4396837	70.329674	847.4396837	0	847.4396837	0	91	A375	Day08
10363	C08	20272	11447.81141	85.567009	11447.81141	5995.805787	7837.878079	80.412369	97	A375	Day08
10363	C09	20272	12850.30593	91.034485	12850.30593	6062.596338	8597.775196	86.896553	145	A375	Day08
10363	C10	20272	13825.95094	96.92308	13825.95094	6949.453816	9727.954686	93.846153	65	A375	Day08
10363	C11	20272	15869.70684	92.40506	15869.70684	6612.826231	9485.728657	87.341774	79	A375	Day08
10363	C12	20272	13265.55036	88.709679	13265.55036	6287.593199	9067.481767	82.258064	62	A375	Day08
10363	D03	20272	1998.107386	91.836731	1998.107386	543.4024135	1993.48599	27.040817	196	A375	Day08
10363	D04	20272	1155.09003	81.437126	1155.09003	25.72243404	1152.868751	4.191617	167	A375	Day08
10363	D05	20272	743.6381269	72.159088	743.6381269	0	743.6381269	0	176	A375	Day08
10363	D06	20272	1200.427683	87.71331	1200.427683	46.09952855	1200.392324	5.119454	293	A375	Day08
10363	D07	20272	1247.974227	79.113922	1247.974227	42.51702804	1247.952049	6.962025	158	A375	Day08
10363	D08	20272	14123.24317	100	14123.24317	7816.929544	10234.02056	98.369568	184	A375	Day08
10363	D09	20272	13798.91105	96.335075	13798.91105	7428.807305	9975.439619	96.335075	191	A375	Day08
10363	D10	20272	16369.23823	95.238098	16369.23823	7560.708857	11142.50481	95.238098	84	A375	Day08
10363	D11	20272	15281.62666	89.830505	15281.62666	7306.466772	10954.75063	88.13559	59	A375	Day08
10363	D12	20272	16091.63855	98.837212	16091.63855	7922.754972	11360.34757	98.837212	258	A375	Day08
10363	E03	20272	933.6391003	67.430885	933.6391003	4.983411937	933.6359976	0.134862	1483	A375	Day08
10363	E04	20272	860.3329458	64.969452	860.3329458	8.927819568	861.0278315	0.950441	1473	A375	Day08
10363	E05	20272	405.9328134	10.459184	405.9328134	0	405.9328134	0	1568	A375	Day08
10363	E06	20272	412.3338226	16.200001	412.3338226	0	412.3338226	0	1500	A375	Day08
10363	E07	20272	425.7715965	12.254025	425.7715965	0	425.7715965	0	1118	A375	Day08
10363	E08	20272	4634.914966	95.416275	4634.914966	3816.550616	4386.920718	89.148735	1069	A375	Day08
10363	E09	20272	5320.650076	95.496185	5320.650076	4430.451067	4951.571118	93.206108	1310	A375	Day08
10363	E10	20272	6423.274979	93.663193	6423.274979	4874.382869	5642.201922	93.923615	1152	A375	Day08
10363	E11	20272	4335.321707	95.225914	4335.321707	3277.582954	4116.3887	83.375961	1173	A375	Day08
10363	E12	20272	6314.419302	92.496849	6314.419302	5155.041857	5718.988084	96.216896	1586	A375	Day08
10363	F03	20272	841.2382625	61.698879	841.2382625	0	841.2382625	0.203459	1966	A375	Day08
10363	F04	20272	478.3448929	21.515152	478.3448929	0	478.3448929	0	1650	A375	Day08
10363	F05	20272	263.7831069	0.209096	263.7831069	0	263.7831069	0	1913	A375	Day08
10363	F06	20272	257.0926831	0.431034	257.0926831	0	257.0926831	0	1392	A375	Day08
10363	F07	20272	353.9430367	5.491106	353.9430367	0	353.9430367	0	1293	A375	Day08
10363	F08	20272	2682.06646	87.296196	2682.06646	919.3411686	2676.142191	26.222826	1472	A375	Day08
10363	F09	20272	3006.785817	91.111115	3006.785817	1649.008992	2996.224626	42.083332	1440	A375	Day08
10363	F10	20272	3055.648803	93.93502	3055.648803	1771.92198	3050.97323	46.064983	1385	A375	Day08
10363	F11	20272	2658.815802	91.13765	2658.815802	879.1469351	2657.816039	25.14142	1591	A375	Day08
10363	F12	20272	3390.631869	85.472977	3390.631869	2362.949681	3375.642951	55.405407	2072	A375	Day08
10363	G03	20272	558.3977458	27.989252	558.3977458	0	558.3977458	0	2233	A375	Day08
10363	G04	20272	286.6557982	1.10055	286.6557982	0	286.6557982	0	1999	A375	Day08
10363	G05	20272	238.2078619	8.76E-02	238.2078619	0	238.2078619	0	2283	A375	Day08
10363	G06	20272	233.9763567	4.23E-02	233.9763567	0	233.9763567	0	2363	A375	Day08
10363	G07	20272	259.9319249	0.05144	259.9319249	0	259.9319249	0	1944	A375	Day08
10363	G08	20272	2183.689074	83.761429	2183.689074	485.275155	2193.256856	8.315194	2297	A375	Day08
10363	G09	20272	1904.317198	84.415581	1904.317198	223.6405439	1907.300004	4.495504	2002	A375	Day08
10363	G10	20272	1844.324284	86.289497	1844.324284	234.8856532	1847.603351	5.453619	1962	A375	Day08
10363	G11	20272	1846.514083	85.721344	1846.514083	200.2631753	1848.893885	4.298419	2024	A375	Day08
10363	G12	20272	1979.304247	87.513573	1979.304247	310.815211	1983.934892	7.546145	1842	A375	Day08
10363	H03	20272	235.8117424	0	235.8117424	0	235.8117424	0	1823	A375	Day08
10363	H04	20272	216.9025105	0.108814	216.9025105	0	216.9025105	0	1838	A375	Day08
10363	H05	20272	232.6442581	0.255754	232.6442581	0	232.6442581	0	1564	A375	Day08
10363	H06	20272	214.8292633	0.135685	214.8292633	0	214.8292633	0	1474	A375	Day08
10363	H07	20272	240.2264587	5.67E-02	240.2264587	0	240.2264587	0	1763	A375	Day08
10363	H08	20272	1171.945162	67.003891	1171.945162	5.369170833	1171.952366	0.389105	1285	A375	Day08
10363	H09	20272	1857.956081	91.327431	1857.956081	215.0416835	1858.78643	8.849558	1695	A375	Day08
10363	H10	20272	1641.590857	88.323914	1641.590857	170.1052946	1642.650771	4.833647	1593	A375	Day08
10363	H11	20272	1760.75194	86.66304	1760.75194	223.3106872	1765.514201	5.661405	1837	A375	Day08
10363	H12	20272	1742.45104	80.790123	1742.45104	176.3358042	1744.20978	4.493827	2025	A375	Day08
10363	I03	20272	1341.732493	86.764709	1341.732493	48.52488799	1342.093979	8.823529	68	A375	Day08
10363	I04	20272	918.287539	66.666664	918.287539	0	918.287539	5.128205	39	A375	Day08
10363	I05	20272	1100.657888	67.073174	1100.657888	163.546747	1100.741902	8.536586	82	A375	Day08
10363	I06	20272	1363.71939	79.611649	1363.71939	100.6982825	1363.606156	14.563107	103	A375	Day08
10363	I07	20272	869.7578657	73.033707	869.7578657	0	869.7578657	1.123595	89	A375	Day08
10363	I08	20272	10402.03394	86.567162	10402.03394	5051.465755	7126.018413	64.179108	67	A375	Day08
10363	I09	20272	10072.31829	91.129036	10072.31829	5760.386319	7425.547004	87.096771	124	A375	Day08
10363	I10	20272	9815.203045	77.083336	9815.203045	5106.417562	6910.926332	70.833336	48	A375	Day08
10363	I11	20272	11482.25238	78.947365	11482.25238	6182.856111	7799.415488	78.947365	38	A375	Day08
10363	I12	20272	8235.369243	85.245903	8235.369243	4485.573402	6058.293223	63.934425	61	A375	Day08
10363	J03	20272	1314.736296	78.095238	1314.736296	96.01522972	1317.046736	8.095238	210	A375	Day08
10363	J04	20272	881.180698	77.5	881.180698	0	881.180698	2.5	120	A375	Day08
10363	J05	20272	525.9066485	44.927536	525.9066485	0	525.9066485	0	69	A375	Day08
10363	J06	20272	793.1508201	69.302322	793.1508201	0	793.1508201	0	215	A375	Day08
10363	J07	20272	670.7212622	68.852463	670.7212622	0	670.7212622	0	122	A375	Day08
10363	J08	20272	7085.870779	93.181816	7085.870779	4679.441947	5738.989542	88.63636	88	A375	Day08
10363	J09	20272	9649.996713	94.152046	9649.996713	6144.350546	7481.216255	90.643272	171	A375	Day08
10363	J10	20272	7540.106699	87.096771	7540.106699	4781.540659	5960.136552	81.720428	93	A375	Day08
10363	J11	20272	7803.280479	79.347824	7803.280479	4759.636217	6061.31537	73.91304	92	A375	Day08
10363	J12	20272	9246.317919	90.909088	9246.317919	5351.316218	6943.14664	85.227272	88	A375	Day08
10363	K03	20272	1108.469112	77.342659	1108.469112	21.66279126	1108.441639	1.958042	1430	A375	Day08
10363	K04	20272	600.3778431	50.421051	600.3778431	0	600.3778431	0	950	A375	Day08
10363	K05	20272	482.7198862	27.169506	482.7198862	0	482.7198862	0	1233	A375	Day08
10363	K06	20272	662.8340184	49.430523	662.8340184	9.55226389	662.964509	0.455581	1317	A375	Day08
10363	K07	20272	784.4177486	59.691631	784.4177486	11.68592079	784.632552	0.367107	1362	A375	Day08
10363	K08	20272	4509.51258	96.491226	4509.51258	3671.642111	4298.265161	85.32695	1254	A375	Day08
10363	K09	20272	4857.23626	96.848877	4857.23626	4064.995523	4651.502557	89.067528	1555	A375	Day08
10363	K10	20272	4347.053404	97.213379	4347.053404	3503.213641	4175.742134	79.936302	1256	A375	Day08
10363	K11	20272	3806.32487	95.199348	3806.32487	2790.112334	3698.090382	68.104149	1229	A375	Day08
10363	K12	20272	4420.331126	95.450851	4420.331126	3793.977009	4267.763951	84.159218	1231	A375	Day08
10363	L03	20272	523.7520226	31.30615	523.7520226	0	523.7520226	0	1447	A375	Day08
10363	L04	20272	437.7720014	21.71166	437.7720014	0	437.7720014	0	1741	A375	Day08
10363	L05	20272	371.3661877	8.519855	371.3661877	0	371.3661877	0	1385	A375	Day08
10363	L06	20272	304.5473994	1.573604	304.5473994	0	304.5473994	0	1970	A375	Day08
10363	L07	20272	430.5253869	16	430.5253869	0	430.5253869	6.56E-02	1525	A375	Day08
10363	L08	20272	2298.047825	90.732262	2298.047825	706.5265856	2314.418743	14.702518	1748	A375	Day08
10363	L09	20272	2475.171878	96.144119	2475.171878	1012.21514	2480.342121	24.778761	1582	A375	Day08
10363	L10	20272	2151.912406	91.294388	2151.912406	551.641878	2165.066503	11.053838	1746	A375	Day08
10363	L11	20272	2132.319821	89.720161	2132.319821	476.3118821	2142.456782	11.079383	1751	A375	Day08
10363	L12	20272	2013.524333	89.876541	2013.524333	344.6266095	2018.445012	7.469136	1620	A375	Day08
10363	M03	20272	260.0638611	6.31E-02	260.0638611	0	260.0638611	0	1585	A375	Day08
10363	M04	20272	276.7851514	0	276.7851514	0	276.7851514	0	1828	A375	Day08
10363	M05	20272	258.886607	0	258.886607	0	258.886607	0	1910	A375	Day08
10363	M06	20272	218.4226944	0	218.4226944	0	218.4226944	0	1871	A375	Day08
10363	M07	20272	224.3850875	0	224.3850875	0	224.3850875	0	1569	A375	Day08
10363	M08	20272	1826.743406	80.907814	1826.743406	93.18621475	1827.879892	3.27562	2137	A375	Day08
10363	M09	20272	1868.564376	85.009865	1868.564376	241.0082937	1871.937179	5.424063	2028	A375	Day08
10363	M10	20272	1680.59772	80.688873	1680.59772	279.9319822	1683.965437	5.420666	1771	A375	Day08
10363	M11	20272	1621.180033	83.700668	1621.180033	65.91071073	1622.627165	1.742696	1951	A375	Day08
10363	M12	20272	1568.599834	79.790329	1568.599834	23.71656809	1568.875335	1.164822	1717	A375	Day08
10363	N03	20272	209.4201354	8.44E-02	209.4201354	0	209.4201354	0	2370	A375	Day08
10363	N04	20272	226.6445698	0.1443	226.6445698	0	226.6445698	0	2079	A375	Day08
10363	N05	20272	218.7285552	0	218.7285552	0	218.7285552	0	2179	A375	Day08
10363	N06	20272	218.5420065	8.65E-02	218.5420065	0	218.5420065	0	2312	A375	Day08
10363	N07	20272	229.2464672	0	229.2464672	0	229.2464672	0	1680	A375	Day08
10363	N08	20272	1465.165058	77.402222	1465.165058	25.75541577	1465.864817	0.917431	2071	A375	Day08
10363	N09	20272	1662.136061	75.878525	1662.136061	95.42916416	1663.184227	2.516269	2305	A375	Day08
10363	N10	20272	1468.603091	73.87796	1468.603091	5.867329208	1468.626984	0.353	1983	A375	Day08
10363	N11	20272	1533.062434	74.506973	1533.062434	56.77767209	1534.137659	1.875902	2079	A375	Day08
10363	N12	20272	1583.572789	69.090912	1583.572789	31.594507	1584.660056	0.798226	2255	A375	Day08
10364	C03	20273	1607.740409	86.013985	1607.740409	415.5001724	1626.738204	8.391608	286	H1373	Day08
10364	C04	20273	1304.812816	74.609375	1304.812816	357.3652439	1299.987954	8.59375	256	H1373	Day08
10364	C05	20273	1588.056141	84.210526	1588.056141	349.4057988	1571.057955	9.597524	323	H1373	Day08
10364	C06	20273	1411.417521	82.105263	1411.417521	298.3710561	1434.204289	5.964912	285	H1373	Day08
10364	C07	20273	1438.031228	77.14286	1438.031228	367.8351446	1444.02876	10.476191	315	H1373	Day08
10364	C08	20273	10307.67439	91.11969	10307.67439	5540.570341	7425.041673	89.189186	259	H1373	Day08
10364	C09	20273	12483.95111	93.81443	12483.95111	6450.211793	8509.545335	91.065292	291	H1373	Day08
10364	C10	20273	12091.81477	90.56604	12091.81477	5962.604336	7960.956227	84.591194	318	H1373	Day08
10364	C11	20273	11781.87714	93.354431	11781.87714	6064.417316	8022.798108	91.455696	316	H1373	Day08
10364	C12	20273	13538.81827	94.117645	13538.81827	6060.722493	8675.159405	91.830063	306	H1373	Day08
10364	D03	20273	1434.43285	83.641975	1434.43285	365.8058615	1439.547167	8.641975	324	H1373	Day08
10364	D04	20273	1323.11321	77.989128	1323.11321	152.8787968	1323.812721	5.706522	368	H1373	Day08
10364	D05	20273	1497.427204	79.256966	1497.427204	457.3692517	1461.030345	10.216719	323	H1373	Day08
10364	D06	20273	1534.658005	83.018867	1534.658005	370.7781255	1494.703063	8.625337	371	H1373	Day08
10364	D07	20273	1452.844727	84.92308	1452.844727	389.673282	1465.064922	9.846154	325	H1373	Day08
10364	D08	20273	11508.80049	95.625	11508.80049	6637.792231	8033.49808	92.1875	320	H1373	Day08
10364	D09	20273	14290.17734	93.767708	14290.17734	7181.293177	9396.395884	92.067986	353	H1373	Day08
10364	D10	20273	13213.32603	94.334274	13213.32603	6719.302402	8816.097985	90.368271	353	H1373	Day08
10364	D11	20273	15641.84586	92.370575	15641.84586	7409.389344	9844.955127	91.553131	367	H1373	Day08
10364	D12	20273	12699.05474	93.975906	12699.05474	6983.912744	8728.452527	94.457832	415	H1373	Day08
10364	E03	20273	1181.775302	67.056076	1181.775302	195.4511827	1193.749648	6.074766	428	H1373	Day08
10364	E04	20273	1225.738794	71.6763	1225.738794	199.4166554	1225.936982	4.816956	519	H1373	Day08
10364	E05	20273	1190.478805	72.134384	1190.478805	245.4102219	1203.816091	4.347826	506	H1373	Day08
10364	E06	20273	1382.430713	77.238808	1382.430713	315.7911655	1347.910229	8.208955	536	H1373	Day08
10364	E07	20273	1195.040409	77.570091	1195.040409	309.0969654	1206.154034	5.233645	535	H1373	Day08
10364	E08	20273	11122.19971	86.65377	11122.19971	7322.997246	8519.513343	87.040619	517	H1373	Day08
10364	E09	20273	11015.74957	93.435448	11015.74957	7593.244204	8863.36741	92.99781	457	H1373	Day08
10364	E10	20273	12541.00934	89.605736	12541.00934	7343.881156	8942.968123	90.143372	558	H1373	Day08
10364	E11	20273	10996.43093	89.920952	10996.43093	6629.284398	8124.374064	89.130432	506	H1373	Day08
10364	E12	20273	12651.87272	90.924957	12651.87272	7381.950268	9033.072511	93.019196	573	H1373	Day08
10364	F03	20273	1364.580168	74.681755	1364.580168	345.330506	1365.43411	7.213579	707	H1373	Day08
10364	F04	20273	1210.886007	80.345573	1210.886007	135.2348459	1213.525172	3.779698	926	H1373	Day08
10364	F05	20273	952.9135162	68.482903	952.9135162	35.56908241	955.0073875	1.388889	936	H1373	Day08
10364	F06	20273	1063.375905	72.805138	1063.375905	77.8530446	1063.530152	2.141328	934	H1373	Day08
10364	F07	20273	1091.118252	70.594711	1091.118252	65.20639616	1090.768258	3.854625	908	H1373	Day08
10364	F08	20273	10272.93208	96.947273	10272.93208	7471.460059	8420.73867	97.502312	1081	H1373	Day08
10364	F09	20273	10218.47157	93.946449	10218.47157	7398.185169	8294.187901	96.623978	859	H1373	Day08
10364	F10	20273	13983.47971	97.526505	13983.47971	9233.61551	10768.65146	98.468788	849	H1373	Day08
10364	F11	20273	10870.60558	95.042099	10870.60558	8366.986428	9247.014712	97.567818	1069	H1373	Day08
10364	F12	20273	14467.94439	97.211662	14467.94439	9092.467636	10798.0846	98.225601	789	H1373	Day08
10364	G03	20273	716.610511	44.21553	716.610511	27.95758492	716.8547773	0.316957	1262	H1373	Day08
10364	G04	20273	684.8158707	39.558472	684.8158707	39.9490607	685.2560417	0.775656	1676	H1373	Day08
10364	G05	20273	589.5810102	30.3433	589.5810102	20.06110113	590.1603002	0.221484	1806	H1373	Day08
10364	G06	20273	631.8239511	38.098694	631.8239511	15.82893431	632.3591936	0.362845	1378	H1373	Day08
10364	G07	20273	760.3307636	48.559166	760.3307636	35.47339556	761.5467433	0.551809	1631	H1373	Day08
10364	G08	20273	7472.209574	89.514565	7472.209574	6260.012678	6664.779004	96.990288	1030	H1373	Day08
10364	G09	20273	10475.74276	93.081764	10475.74276	8363.67244	9201.152608	94.549263	954	H1373	Day08
10364	G10	20273	9184.137867	93.485344	9184.137867	8030.967819	8475.725157	99.283386	1535	H1373	Day08
10364	G11	20273	9660.969652	93.624161	9660.969652	8009.719732	8623.862616	98.791946	1490	H1373	Day08
10364	G12	20273	9480.22788	91.895699	9480.22788	8291.177823	8744.676333	98.30867	1419	H1373	Day08
10364	H03	20273	272.1648524	1.485536	272.1648524	0	272.1648524	0	1279	H1373	Day08
10364	H04	20273	269.2090259	1.071879	269.2090259	0	269.2090259	0	1586	H1373	Day08
10364	H05	20273	282.796224	2.872777	282.796224	0	282.796224	0	1462	H1373	Day08
10364	H06	20273	282.7934445	3.602193	282.7934445	0	282.7934445	0	1277	H1373	Day08
10364	H07	20273	281.635178	0.874453	281.635178	0	281.635178	0	1601	H1373	Day08
10364	H08	20273	3624.363833	93.933052	3624.363833	2368.170874	3562.830385	58.158997	1434	H1373	Day08
10364	H09	20273	3757.152407	96.324951	3757.152407	2731.289806	3714.105658	68.729851	1551	H1373	Day08
10364	H10	20273	4015.370122	92.843575	4015.370122	3025.677705	3936.710123	69.85434	1579	H1373	Day08
10364	H11	20273	3667.347867	91.432587	3667.347867	2359.593544	3588.774293	57.233147	1424	H1373	Day08
10364	H12	20273	3888.825645	93.365959	3888.825645	2999.167951	3836.329591	68.950516	1839	H1373	Day08
10364	I03	20273	1953.759825	84.046692	1953.759825	784.9579964	1931.531222	22.957199	257	H1373	Day08
10364	I04	20273	1235.552854	78.723404	1235.552854	109.4673916	1232.451046	4.255319	282	H1373	Day08
10364	I05	20273	2226.955495	88.848923	2226.955495	1155.318636	2202.840613	25.179855	278	H1373	Day08
10364	I06	20273	1954.827921	90.874527	1954.827921	781.8958568	1949.96561	22.813688	263	H1373	Day08
10364	I07	20273	1643.024023	80.168777	1643.024023	519.8434966	1563.782301	11.392406	237	H1373	Day08
10364	I08	20273	14261.66966	94.212219	14261.66966	7568.350414	9582.015635	91.318329	311	H1373	Day08
10364	I09	20273	20498.70596	97.478989	20498.70596	9876.938077	12721.55992	97.058823	238	H1373	Day08
10364	I10	20273	12285.37687	98.190048	12285.37687	7077.794455	8434.622252	98.190048	221	H1373	Day08
10364	I11	20273	13344.24597	91.262138	13344.24597	6590.817749	8728.015652	89.320389	309	H1373	Day08
10364	I12	20273	21091.00002	98.168495	21091.00002	9764.925595	12626.6257	98.534798	273	H1373	Day08
10364	J03	20273	3246.694253	89.344261	3246.694253	2063.305203	3074.508101	47.814209	366	H1373	Day08
10364	J04	20273	1940.198691	86.11898	1940.198691	730.1227329	1943.48638	22.096317	353	H1373	Day08
10364	J05	20273	2422.542603	89.719627	2422.542603	1160.925697	2366.361805	31.464174	321	H1373	Day08
10364	J06	20273	2403.702204	90.114067	2403.702204	1106.045224	2345.058395	32.699619	263	H1373	Day08
10364	J07	20273	2056.292222	91.509438	2056.292222	935.7257011	2001.537522	21.383648	318	H1373	Day08
10364	J08	20273	15927.44959	93.968254	15927.44959	9034.292403	10864.68006	92.380951	315	H1373	Day08
10364	J09	20273	16444.82664	98.194946	16444.82664	8798.351889	10761.0906	97.111916	277	H1373	Day08
10364	J10	20273	18325.48016	94.84536	18325.48016	10964.93653	12746.34275	94.158073	291	H1373	Day08
10364	J11	20273	16731.27079	95.804199	16731.27079	8963.394479	10955.52769	94.055946	286	H1373	Day08
10364	J12	20273	19157.13884	96.065575	19157.13884	9299.827902	11765.1751	95.08197	305	H1373	Day08
10364	K03	20273	2073.877083	94.764397	2073.877083	815.9550743	2071.32319	28.795811	382	H1373	Day08
10364	K04	20273	1690.220197	86.180908	1690.220197	521.7236702	1690.307331	18.592964	398	H1373	Day08
10364	K05	20273	2154.716342	92.35955	2154.716342	929.8613364	2138.838115	29.213484	445	H1373	Day08
10364	K06	20273	2381.272554	94.177216	2381.272554	1084.266076	2330.523484	32.658226	395	H1373	Day08
10364	K07	20273	1929.549773	90.322578	1929.549773	629.2142478	1883.857372	20.967741	372	H1373	Day08
10364	K08	20273	16065.26971	99.082565	16065.26971	8993.966422	10959.68172	99.311928	436	H1373	Day08
10364	K09	20273	19371.36683	98	19371.36683	10671.21099	12903.68219	97.75	400	H1373	Day08
10364	K10	20273	15454.24372	98.611115	15454.24372	8543.208106	10481.36273	98.84259	432	H1373	Day08
10364	K11	20273	18594.08925	98.727737	18594.08925	9706.163913	12200.9489	98.982185	393	H1373	Day08
10364	K12	20273	14007.75435	98.641304	14007.75435	7932.538954	9651.620733	98.641304	368	H1373	Day08
10364	L03	20273	1507.295309	83.760681	1507.295309	254.8016836	1507.248253	8.791209	819	H1373	Day08
10364	L04	20273	1261.335182	74.114777	1261.335182	150.3205242	1257.020259	4.884005	819	H1373	Day08
10364	L05	20273	1100.813704	74.457832	1100.813704	70.10633089	1101.139188	3.493976	830	H1373	Day08
10364	L06	20273	810.6864366	56.633381	810.6864366	9.472574405	810.6615275	0.713267	701	H1373	Day08
10364	L07	20273	963.3151173	67.365967	963.3151173	29.25810245	963.3344628	1.631702	858	H1373	Day08
10364	L08	20273	11470.09623	95.359627	11470.09623	8987.530268	9840.585289	97.563805	862	H1373	Day08
10364	L09	20273	12275.24771	97.169815	12275.24771	9064.330444	10176.56373	98.46698	848	H1373	Day08
10364	L10	20273	11485.00187	93.471161	11485.00187	8898.595521	9802.340947	95.103371	919	H1373	Day08
10364	L11	20273	10476.89148	93.985847	10476.89148	8605.166944	9278.793735	96.344337	848	H1373	Day08
10364	L12	20273	10511.95029	93.68557	10511.95029	7793.126072	8710.579799	95.747421	776	H1373	Day08
10364	M03	20273	697.8209989	45.033669	697.8209989	19.78976451	699.5127735	0.252525	1188	H1373	Day08
10364	M04	20273	679.4163316	45.998447	679.4163316	16.44004308	679.8996195	0.1554	1287	H1373	Day08
10364	M05	20273	394.6662312	10.601427	394.6662312	0	394.6662312	0	981	H1373	Day08
10364	M06	20273	458.0513557	20.113852	458.0513557	4.105959347	458.4218507	9.49E-02	1054	H1373	Day08
10364	M07	20273	540.4380736	30.621172	540.4380736	0	540.4380736	8.75E-02	1143	H1373	Day08
10364	M08	20273	9371.212102	94.158882	9371.212102	7695.3886	8344.145104	98.753891	1284	H1373	Day08
10364	M09	20273	8618.086079	93.564774	8618.086079	7175.578848	7766.300687	97.121086	1181	H1373	Day08
10364	M10	20273	8983.84213	93.206299	8983.84213	7502.303798	8073.438198	97.763046	1207	H1373	Day08
10364	M11	20273	8728.828498	92.246201	8728.828498	7378.617266	7928.635988	97.681854	1251	H1373	Day08
10364	M12	20273	9091.22525	90.845688	9091.22525	7865.966787	8339.044584	97.733215	1147	H1373	Day08
10364	N03	20273	298.2550763	1.072961	298.2550763	2.913090129	298.2645443	0	1398	H1373	Day08
10364	N04	20273	238.9491621	1.855469	238.9491621	0	238.9491621	0	1024	H1373	Day08
10364	N05	20273	292.2271001	2.696273	292.2271001	0	292.2271001	0	1261	H1373	Day08
10364	N06	20273	296.2091176	2.751505	296.2091176	0	296.2091176	0	1163	H1373	Day08
10364	N07	20273	266.2931421	1.137441	266.2931421	0	266.2931421	0	1055	H1373	Day08
10364	N08	20273	2489.476368	89.528793	2489.476368	1054.62111	2480.674074	26.83246	764	H1373	Day08
10364	N09	20273	3052.930088	92.518517	3052.930088	1825.615183	3054.688677	43.037037	1350	H1373	Day08
10364	N10	20273	3344.759157	91.160713	3344.759157	2064.117433	3276.799303	48.57143	1120	H1373	Day08
10364	N11	20273	3063.10175	90.916466	3063.10175	1783.47819	3040.217435	40.470398	1233	H1373	Day08
10364	N12	20273	2918.03049	92.64463	2918.03049	1582.838673	2918.716261	37.272728	1210	H1373	Day08
10365	C03	20274	5176.376129	100	5176.376129	2665.676025	4718.168609	50	2	A375	Day15
10365	C04	20274	6098.886011	60	6098.886011	3625.600586	5713.807495	70	10	A375	Day15
10365	C05	20274	4029.826916	40	4029.826916	1684.539551	3628.32511	40	10	A375	Day15
10365	C06	20274	3469.560352	40	3469.560352	1947.777442	3159.394434	40	5	A375	Day15
10365	C07	20274	4787.404807	44.444443	4787.404807	2814.479384	4487.836556	55.555557	9	A375	Day15
10365	C08	20274	5307.478119	50	5307.478119	3983.900147	4992.390594	50	4	A375	Day15
10365	C09	20274	3668.289093	33.333332	3668.289093	1557.120443	3226.970408	33.333332	3	A375	Day15
10365	C10	20274	10215.51432	100	10215.51432	4755.548258	9038.00179	100	6	A375	Day15
10365	C11	20274	4911.676727	55.555557	4911.676727	2168.491346	4472.228973	44.444443	9	A375	Day15
10365	C12	20274	6648.277118	66.666664	6648.277118	3952.773112	6065.344827	66.666664	9	A375	Day15
10365	D03	20274	217.638092	0	217.638092	0	217.638092	0	1	A375	Day15
10365	D04	20274	239.805969	0	239.805969	0	239.805969	0	1	A375	Day15
10365	D05	20274	2659.274083	40	2659.274083	1749.763501	2484.139366	40	10	A375	Day15
10365	D06	20274	235.386795	0	235.386795	0	235.386795	0	1	A375	Day15
10365	D07	20274	268.471436	0	268.471436	0	268.471436	0	1	A375	Day15
10365	D08	20274	2522.964763	33.333332	2522.964763	1911.270833	2405.31307	33.333332	3	A375	Day15
10365	D09	20274	7638.77812	57.142857	7638.77812	3360.425223	6318.310277	42.857143	7	A375	Day15
10365	D10	20274	1609.98122	50	1609.98122	801.8125	1604.491718	25	4	A375	Day15
10365	D11	20274	1175.525854	30	1175.525854	1181.973315	1197.588623	20	10	A375	Day15
10365	D12	20274	4355.38636	50	4355.38636	1853.960388	3864.62989	50	4	A375	Day15
10365	E03	20274	922.3725103	46.009106	922.3725103	14.23883266	922.2275171	0.394537	3295	A375	Day15
10365	E04	20274	1111.216282	64.399574	1111.216282	35.27735404	1113.008078	1.027276	2823	A375	Day15
10365	E05	20274	1271.710762	65.08728	1271.710762	39.92989184	1272.252781	1.870324	3208	A375	Day15
10365	E06	20274	748.7974525	34.541576	748.7974525	14.43379468	751.0236979	0.1523	3283	A375	Day15
10365	E07	20274	1048.369878	48.115231	1048.369878	8.280634074	1046.0965	0.490346	3263	A375	Day15
10365	E08	20274	7230.177814	91.704178	7230.177814	6350.01135	6748.211582	99.196144	3110	A375	Day15
10365	E09	20274	5850.558387	85.281776	5850.558387	5652.757044	5776.593685	95.983215	3336	A375	Day15
10365	E10	20274	5734.982272	92.248337	5734.982272	5244.902347	5505.821189	97.053665	2851	A375	Day15
10365	E11	20274	6087.414248	92.288963	6087.414248	5350.670291	5789.782752	94.926949	2464	A375	Day15
10365	E12	20274	7334.432972	88.720314	7334.432972	6163.989924	6751.442318	99.208443	3032	A375	Day15
10365	F03	20274	447.5866562	8.124681	447.5866562	0	447.5866562	0	3914	A375	Day15
10365	F04	20274	653.6874885	33.440826	653.6874885	0	653.6874885	0	3101	A375	Day15
10365	F05	20274	816.3578923	49.352421	816.3578923	7.822275194	816.4515047	0.443081	2934	A375	Day15
10365	F06	20274	543.751516	18.652319	543.751516	0	543.751516	0	3903	A375	Day15
10365	F07	20274	492.5396041	9.691358	492.5396041	1.256018519	492.5409119	0	3240	A375	Day15
10365	F08	20274	5175.312984	86.106773	5175.312984	4690.663866	5065.532456	86.106773	3203	A375	Day15
10365	F09	20274	3621.769935	79.667923	3621.769935	2687.445575	3666.798329	48.966164	3192	A375	Day15
10365	F10	20274	3610.309232	82.679741	3610.309232	2614.403128	3650.321785	50.217865	2754	A375	Day15
10365	F11	20274	3978.015866	84.550087	3978.015866	3086.311858	3980.432415	57.419353	2945	A375	Day15
10365	F12	20274	4748.519511	82.064194	4748.519511	4258.551475	4700.503555	80.176208	3178	A375	Day15
10365	G03	20274	326.7000065	0.20114	326.7000065	1.639874654	326.6758972	3.35E-02	2983	A375	Day15
10365	G04	20274	386.3398081	1.715533	386.3398081	3.343583762	386.3733355	3.12E-02	3206	A375	Day15
10365	G05	20274	555.2854696	18.730158	555.2854696	1.423990885	555.3003475	3.17E-02	3150	A375	Day15
10365	G06	20274	342.0043441	0.770252	342.0043441	2.782123459	342.1151759	0.02656	3765	A375	Day15
10365	G07	20274	333.5713224	0.031104	333.5713224	4.056393675	332.8461825	0.031104	3215	A375	Day15
10365	G08	20274	3114.234003	85.512016	3114.234003	1492.054376	3135.517558	25.518604	3037	A375	Day15
10365	G09	20274	2638.31584	80.424095	2638.31584	783.4483512	2655.491679	12.66134	3254	A375	Day15
10365	G10	20274	2764.488031	89.289619	2764.488031	891.2411355	2776.018703	16.102003	2745	A375	Day15
10365	G11	20274	2675.946774	89.579758	2675.946774	978.3505535	2679.28322	19.939966	2332	A375	Day15
10365	G12	20274	2846.322966	88.990479	2846.322966	1166.898416	2850.959693	24.799999	2625	A375	Day15
10365	H03	20274	275.179844	0.031736	275.179844	0	275.179844	0	3151	A375	Day15
10365	H04	20274	308.4795338	0.121507	308.4795338	0	308.4795338	0	3292	A375	Day15
10365	H05	20274	272.8009017	0	272.8009017	0	272.8009017	0	3037	A375	Day15
10365	H06	20274	245.5691647	3.16E-02	245.5691647	0	245.5691647	0	3169	A375	Day15
10365	H07	20274	295.5688334	6.57E-02	295.5688334	0	295.5688334	0	3045	A375	Day15
10365	H08	20274	2450.192486	88.217422	2450.192486	277.9912114	2455.656035	4.18636	2962	A375	Day15
10365	H09	20274	2364.471801	77.330894	2364.471801	270.0368567	2370.12144	3.960999	3282	A375	Day15
10365	H10	20274	2397.932736	78.578644	2397.932736	260.9419287	2403.865392	3.974402	2969	A375	Day15
10365	H11	20274	2373.773714	89.15033	2373.773714	419.1412325	2377.760213	9.716776	2295	A375	Day15
10365	H12	20274	2505.805684	82.089554	2505.805684	295.2579999	2511.055108	4.477612	3216	A375	Day15
10365	I03	20274	6048.7342	75	6048.7342	3214.948364	5619.659859	75	4	A375	Day15
10365	I04	20274	3252.943985	57.142857	3252.943985	2491.156599	3023.682615	42.857143	7	A375	Day15
10365	I05	20274	6889.790903	60	6889.790903	2865.626538	5978.963828	60	10	A375	Day15
10365	I06	20274	4097.400058	41.666668	4097.400058	2358.148458	3797.917839	41.666668	12	A375	Day15
10365	I07	20274	2295.279574	33.333332	2295.279574	1094.714437	2185.505404	33.333332	6	A375	Day15
10365	I08	20274	4363.026479	50	4363.026479	2695.36792	4033.897736	66.666664	6	A375	Day15
10365	I09	20274	5727.752139	63.636364	5727.752139	2855.974787	5262.838565	63.636364	11	A375	Day15
10365	I10	20274	7055.593262	66.666664	7055.593262	5702.64209	6918.92513	100	3	A375	Day15
10365	I11	20274	5430.111898	83.333336	5430.111898	4429.22229	5233.896566	50	6	A375	Day15
10365	I12	20274	2390.680835	40	2390.680835	2151.925879	2365.940015	40	5	A375	Day15
10365	J03	20274	320.3635042	0	320.3635042	0	320.3635042	0	5	A375	Day15
10365	J04	20274	275.82431	0	275.82431	0	275.82431	0	1	A375	Day15
10365	J05	20274	421.497579	0	421.497579	0	421.497579	0	3	A375	Day15
10365	J06	20274	306.2675658	0	306.2675658	0	306.2675658	0	5	A375	Day15
10365	J07	20274	4184.401021	33.333332	4184.401021	1604.795736	3306.803691	33.333332	3	A375	Day15
10365	J08	20274	426.121216	0	426.121216	0	426.121216	0	1	A375	Day15
10365	J09	20274	3160.609543	50	3160.609543	1560.270508	2831.183884	37.5	8	A375	Day15
10365	J10	20274		0				0	0	A375	Day15
10365	J11	20274	243.016953	0	243.016953	0	243.016953	0	1	A375	Day15
10365	J12	20274	862.9868138	16.666666	862.9868138	686.8695475	872.9135715	16.666666	6	A375	Day15
10365	K03	20274	1213.062736	61.272778	1213.062736	7.801360495	1213.071155	0.679902	3677	A375	Day15
10365	K04	20274	1143.371658	54.462074	1143.371658	20.87234647	1143.595378	0.718889	4034	A375	Day15
10365	K05	20274	743.2991519	35.770309	743.2991519	1.020697654	743.3422651	5.60E-02	3570	A375	Day15
10365	K06	20274	817.9566822	43.575756	817.9566822	4.435637059	817.9590702	0.181818	3300	A375	Day15
10365	K07	20274	519.5805563	15.774992	519.5805563	0	519.5805563	0	3271	A375	Day15
10365	K08	20274	6935.224624	89.637634	6935.224624	6307.494526	6603.114935	97.393517	3146	A375	Day15
10365	K09	20274	7374.638811	90.197845	7374.638811	6635.848783	6963.613171	98.830933	3336	A375	Day15
10365	K10	20274	7224.695274	90.684761	7224.695274	6408.145642	6783.648366	98.920418	3242	A375	Day15
10365	K11	20274	6677.650552	90.672241	6677.650552	6002.440445	6347.847024	97.94146	3109	A375	Day15
10365	K12	20274	7240.082351	91.658707	7240.082351	6519.684158	6844.925542	98.217125	3141	A375	Day15
10365	L03	20274	783.0992149	41.044556	783.0992149	2.148298392	783.1003369	8.85E-02	3389	A375	Day15
10365	L04	20274	777.1485903	37.379776	777.1485903	0	777.1485903	0.103977	3847	A375	Day15
10365	L05	20274	497.3325065	11.228929	497.3325065	0	497.3325065	0	3678	A375	Day15
10365	L06	20274	433.4305604	6.722206	433.4305604	0	433.4305604	0	3481	A375	Day15
10365	L07	20274	419.9638117	2.161998	419.9638117	0	419.9638117	0	3284	A375	Day15
10365	L08	20274	3860.212239	79.930992	3860.212239	2984.837487	3897.101458	50.77631	3478	A375	Day15
10365	L09	20274	3853.339343	81.21212	3853.339343	3001.824927	3883.228319	53.652313	3135	A375	Day15
10365	L10	20274	3410.844103	79.166664	3410.844103	2237.233723	3445.929006	41.809361	3504	A375	Day15
10365	L11	20274	3289.781936	87.136772	3289.781936	1921.980152	3314.110494	35.800079	2581	A375	Day15
10365	L12	20274	3593.082225	83.183784	3593.082225	2549.46768	3633.551546	47.025589	3009	A375	Day15
10365	M03	20274	438.103445	6.613102	438.103445	0	438.103445	0	3236	A375	Day15
10365	M04	20274	455.8406471	9.391645	455.8406471	3.75370872	456.2624329	0	3567	A375	Day15
10365	M05	20274	295.4180617	0	295.4180617	0	295.4180617	0	3329	A375	Day15
10365	M06	20274	285.28782	0	285.28782	0	285.28782	0	3522	A375	Day15
10365	M07	20274	299.5818914	5.70E-02	299.5818914	3.318102158	299.7398832	0	3510	A375	Day15
10365	M08	20274	3047.37244	83.635849	3047.37244	1379.773516	3072.197063	21.837776	3526	A375	Day15
10365	M09	20274	2956.280661	83.501259	2956.280661	1349.238621	2983.47663	22.795969	3176	A375	Day15
10365	M10	20274	2876.3714	83.877434	2876.3714	1074.149936	2895.17473	16.552118	3492	A375	Day15
10365	M11	20274	2976.207743	81.937019	2976.207743	1276.388122	3005.041782	20.974451	3366	A375	Day15
10365	M12	20274	2788.995602	84.349525	2788.995602	851.4367817	2803.229651	14.835344	3067	A375	Day15
10365	N03	20274	254.7412706	0	254.7412706	0	254.7412706	0	3216	A375	Day15
10365	N04	20274	248.52315	0	248.52315	0	248.52315	0	3131	A375	Day15
10365	N05	20274	272.6777523	5.54E-02	272.6777523	0	272.6777523	0	3608	A375	Day15
10365	N06	20274	275.521309	2.96E-02	275.521309	0	275.521309	0	3383	A375	Day15
10365	N07	20274	255.2810277	5.96E-02	255.2810277	0	255.2810277	0	3358	A375	Day15
10365	N08	20274	2633.957739	78.820839	2633.957739	760.3152792	2651.155177	11.219233	3494	A375	Day15
10365	N09	20274	2688.346185	80.884224	2688.346185	1012.543203	2709.034448	16.030535	3144	A375	Day15
10365	N10	20274	2576.588892	80.539101	2576.588892	613.118822	2589.926795	8.293839	3376	A375	Day15
10365	N11	20274	2472.95779	79.254616	2472.95779	306.3212951	2477.480096	4.914248	3032	A375	Day15
10365	N12	20274	2471.8715	81.803062	2471.8715	321.7751471	2477.101606	4.89022	3006	A375	Day15
10366	C03	20275	265.922409	0	265.922409	0	265.922409	0	2	CFPAC1	Day15
10366	C04	20275	210.170212	0	210.170212	0	210.170212	0	1	CFPAC1	Day15
10366	C05	20275	254.9087423	0	254.9087423	0	254.9087423	0	3	CFPAC1	Day15
10366	C06	20275	3178.38192	50	3178.38192	1774.357178	3002.738609	50	2	CFPAC1	Day15
10366	C07	20275	298.8840882	0	298.8840882	0	298.8840882	0	5	CFPAC1	Day15
10366	C08	20275	335.2264483	0	335.2264483	0	335.2264483	0	4	CFPAC1	Day15
10366	C09	20275		0				0	0	CFPAC1	Day15
10366	C10	20275		0				0	0	CFPAC1	Day15
10366	C11	20275	263.3337707	0	263.3337707	0	263.3337707	0	4	CFPAC1	Day15
10366	C12	20275	410.739594	0	410.739594	0	410.739594	0	1	CFPAC1	Day15
10366	D03	20275		0				0	0	CFPAC1	Day15
10366	D04	20275		0				0	0	CFPAC1	Day15
10366	D05	20275	236.124439	0	236.124439	0	236.124439	0	4	CFPAC1	Day15
10366	D06	20275	236.167089	0	236.167089	0	236.167089	0	3	CFPAC1	Day15
10366	D07	20275	278.456136	0	278.456136	0	278.456136	0	3	CFPAC1	Day15
10366	D08	20275	267.632904	0	267.632904	0	267.632904	0	1	CFPAC1	Day15
10366	D09	20275	314.4634707	0	314.4634707	0	314.4634707	0	3	CFPAC1	Day15
10366	D10	20275	288.169128	0	288.169128	0	288.169128	0	1	CFPAC1	Day15
10366	D11	20275	282.3985293	0	282.3985293	0	282.3985293	0	3	CFPAC1	Day15
10366	D12	20275		0				0	0	CFPAC1	Day15
10366	E03	20275		0				0	0	CFPAC1	Day15
10366	E04	20275		0				0	0	CFPAC1	Day15
10366	E05	20275	239.065796	0	239.065796	0	239.065796	0	4	CFPAC1	Day15
10366	E06	20275	316.8412935	0	316.8412935	0	316.8412935	0	2	CFPAC1	Day15
10366	E07	20275	246.4470723	0	246.4470723	0	246.4470723	0	3	CFPAC1	Day15
10366	E08	20275		0				0	0	CFPAC1	Day15
10366	E09	20275	271.6003265	0	271.6003265	0	271.6003265	0	2	CFPAC1	Day15
10366	E10	20275		0				0	0	CFPAC1	Day15
10366	E11	20275	304.424255	0	304.424255	0	304.424255	0	1	CFPAC1	Day15
10366	E12	20275		0				0	0	CFPAC1	Day15
10366	F03	20275	754.7523645	50.54348	754.7523645	10.65023273	754.763579	0.271739	368	CFPAC1	Day15
10366	F04	20275	707.7708404	52.519894	707.7708404	0	707.7708404	0.265252	377	CFPAC1	Day15
10366	F05	20275	781.7632601	57.461025	781.7632601	0	781.7632601	0.222717	449	CFPAC1	Day15
10366	F06	20275	722.9436775	52.980133	722.9436775	23.21386395	722.757365	0.662252	302	CFPAC1	Day15
10366	F07	20275	657.7089281	42.159382	657.7089281	0	657.7089281	0	389	CFPAC1	Day15
10366	F08	20275	9734.711049	86.79245	9734.711049	8652.273584	9027.339857	99.622643	530	CFPAC1	Day15
10366	F09	20275	11781.95845	94.164459	11781.95845	9515.343172	10453.6128	98.673737	377	CFPAC1	Day15
10366	F10	20275	12063.07754	98.127342	12063.07754	9497.463789	10478.61357	98.127342	267	CFPAC1	Day15
10366	F11	20275	12892.38698	94.21965	12892.38698	9000.529857	10382.87993	99.421967	346	CFPAC1	Day15
10366	F12	20275	12633.43861	97.338402	12633.43861	9382.655825	10565.94779	99.619774	263	CFPAC1	Day15
10366	G03	20275	945.3925268	54.954128	945.3925268	25.47954482	945.2400328	1.009174	1090	CFPAC1	Day15
10366	G04	20275	1148.217116	59.763313	1148.217116	71.42858074	1147.836446	3.846154	1352	CFPAC1	Day15
10366	G05	20275	1044.521087	60.93906	1044.521087	42.9180385	1043.779238	1.298701	1001	CFPAC1	Day15
10366	G06	20275	783.8283856	51.967594	783.8283856	10.02205714	782.8498367	0.231481	864	CFPAC1	Day15
10366	G07	20275	1017.870788	68.60025	1017.870788	15.3081381	1019.04518	0.504414	793	CFPAC1	Day15
10366	G08	20275	11953.97261	88.900101	11953.97261	11754.31125	11750.18995	99.798187	991	CFPAC1	Day15
10366	G09	20275	13716.4018	88.121216	13716.4018	13164.11614	13302.86909	99.515152	825	CFPAC1	Day15
10366	G10	20275	11791.71322	87.605637	11791.71322	10978.58319	11286.8223	99.436623	710	CFPAC1	Day15
10366	G11	20275	12569.47327	89.115646	12569.47327	11253.33291	11724.86948	99.319725	588	CFPAC1	Day15
10366	G12	20275	12088.98045	89.711937	12088.98045	11080.91348	11484.95473	99.451302	729	CFPAC1	Day15
10366	H03	20275	265.1128686	6.08E-02	265.1128686	0	265.1128686	0	1645	CFPAC1	Day15
10366	H04	20275	249.8049436	0	249.8049436	0	249.8049436	0	2533	CFPAC1	Day15
10366	H05	20275	269.0568793	0.184502	269.0568793	0	269.0568793	0	1626	CFPAC1	Day15
10366	H06	20275	252.78708	8.16E-02	252.78708	0	252.78708	0	2450	CFPAC1	Day15
10366	H07	20275	295.0383313	4.39E-02	295.0383313	0	295.0383313	0	2280	CFPAC1	Day15
10366	H08	20275	1823.49834	33.73494	1823.49834	88.22675632	1825.272532	1.16179	2324	CFPAC1	Day15
10366	H09	20275	1905.114349	34.620071	1905.114349	105.8352729	1907.381322	1.665989	2461	CFPAC1	Day15
10366	H10	20275	1829.239491	34.713375	1829.239491	69.38981416	1830.609416	0.955414	2198	CFPAC1	Day15
10366	H11	20275	1592.521236	29.728619	1592.521236	32.96902546	1593.333324	0.78125	2432	CFPAC1	Day15
10366	H12	20275	2100.678423	38.4482	2100.678423	268.2773533	2106.525864	4.161248	2307	CFPAC1	Day15
10366	I03	20275	277.294128	0	277.294128	0	277.294128	0	1	CFPAC1	Day15
10366	I04	20275	234.357895	0	234.357895	0	234.357895	0	1	CFPAC1	Day15
10366	I05	20275	265.65978	0	265.65978	0	265.65978	0	3	CFPAC1	Day15
10366	I06	20275	321.4687575	0	321.4687575	0	321.4687575	0	2	CFPAC1	Day15
10366	I07	20275		0				0	0	CFPAC1	Day15
10366	I08	20275		0				0	0	CFPAC1	Day15
10366	I09	20275	278.7322437	0	278.7322437	0	278.7322437	0	3	CFPAC1	Day15
10366	I10	20275		0				0	0	CFPAC1	Day15
10366	I11	20275		0				0	0	CFPAC1	Day15
10366	I12	20275	240.6503045	0	240.6503045	0	240.6503045	0	25	CFPAC1	Day15
10366	J03	20275	246.843956	0	246.843956	0	246.843956	0	2	CFPAC1	Day15
10366	J04	20275	266.8497748	0	266.8497748	0	266.8497748	0	6	CFPAC1	Day15
10366	J05	20275	269.6726269	0	269.6726269	0	269.6726269	0	11	CFPAC1	Day15
10366	J06	20275	319.6920622	0	319.6920622	0	319.6920622	0	4	CFPAC1	Day15
10366	J07	20275	289.3735965	0	289.3735965	0	289.3735965	0	2	CFPAC1	Day15
10366	J08	20275	276.2808155	0	276.2808155	0	276.2808155	0	2	CFPAC1	Day15
10366	J09	20275	225.3582535	0	225.3582535	0	225.3582535	0	2	CFPAC1	Day15
10366	J10	20275	215.71875	0	215.71875	0	215.71875	0	1	CFPAC1	Day15
10366	J11	20275	249.2878823	0	249.2878823	0	249.2878823	0	3	CFPAC1	Day15
10366	J12	20275	198	0	198	0	198	0	1	CFPAC1	Day15
10366	K03	20275	317.629303	0	317.629303	0	317.629303	0	1	CFPAC1	Day15
10366	K04	20275	251.0275955	0	251.0275955	0	251.0275955	0	2	CFPAC1	Day15
10366	K05	20275	239.108197	0	239.108197	0	239.108197	0	5	CFPAC1	Day15
10366	K06	20275	307.7523703	0	307.7523703	0	307.7523703	0	3	CFPAC1	Day15
10366	K07	20275		0				0	0	CFPAC1	Day15
10366	K08	20275		0				0	0	CFPAC1	Day15
10366	K09	20275	236.641655	0	236.641655	0	236.641655	0	2	CFPAC1	Day15
10366	K10	20275		0				0	0	CFPAC1	Day15
10366	K11	20275	214.348091	0	214.348091	0	214.348091	0	2	CFPAC1	Day15
10366	K12	20275	2433.838916	100	2433.838916	0	2433.838916	0	5	CFPAC1	Day15
10366	L03	20275	726.143286	49.109413	726.143286	0	726.143286	0.254453	393	CFPAC1	Day15
10366	L04	20275	813.6533601	49.693253	813.6533601	58.05436472	808.6080915	1.840491	326	CFPAC1	Day15
10366	L05	20275	658.3739296	53.038673	658.3739296	10.24732996	658.5677045	0.276243	362	CFPAC1	Day15
10366	L06	20275	713.7935046	63.241108	713.7935046	0	713.7935046	0	253	CFPAC1	Day15
10366	L07	20275	682.7458128	43.050846	682.7458128	23.60532723	682.6472594	1.694915	295	CFPAC1	Day15
10366	L08	20275	10782.58142	91.560104	10782.58142	8661.743144	9628.819935	97.186699	391	CFPAC1	Day15
10366	L09	20275	13025.99336	96.837944	13025.99336	9660.723791	11249.96748	99.604744	253	CFPAC1	Day15
10366	L10	20275	12353.99697	96.563576	12353.99697	9925.882184	10890.52116	96.563576	291	CFPAC1	Day15
10366	L11	20275	11896.14658	97.029701	11896.14658	8947.330753	10234.87811	97.689766	303	CFPAC1	Day15
10366	L12	20275	11650.14135	95.939087	11650.14135	8252.316048	9779.623906	97.969543	197	CFPAC1	Day15
10366	M03	20275	941.1450865	51.131927	941.1450865	17.85546646	941.1620541	0.858704	1281	CFPAC1	Day15
10366	M04	20275	1072.17963	54.437328	1072.17963	81.43059906	1070.619148	3.019213	1093	CFPAC1	Day15
10366	M05	20275	998.587317	64.236115	998.587317	60.78499829	995.8265943	2.083333	864	CFPAC1	Day15
10366	M06	20275	1033.066975	57.998131	1033.066975	81.0642051	1032.64401	3.274088	1069	CFPAC1	Day15
10366	M07	20275	1051.606946	63.22657	1051.606946	9.228371109	1051.283552	1.304864	843	CFPAC1	Day15
10366	M08	20275	12583.76445	88.162766	12583.76445	11906.16237	12093.80616	99.630089	811	CFPAC1	Day15
10366	M09	20275	11570.05647	81.198349	11570.05647	11339.13725	11435.2474	99.380165	968	CFPAC1	Day15
10366	M10	20275	12623.56454	86.924683	12623.56454	12075.0877	12222.34554	99.47699	956	CFPAC1	Day15
10366	M11	20275	12893.87241	80.635551	12893.87241	11754.03854	12165.97907	97.219467	1007	CFPAC1	Day15
10366	M12	20275	12200.09737	86.094315	12200.09737	11524.28735	11739.28936	99.395409	827	CFPAC1	Day15
10366	N03	20275	239.9914676	0.078278	239.9914676	0	239.9914676	0	2555	CFPAC1	Day15
10366	N04	20275	220.1148848	4.18E-02	220.1148848	0	220.1148848	0	2392	CFPAC1	Day15
10366	N05	20275	231.6691196	0.110988	231.6691196	0	231.6691196	0	2703	CFPAC1	Day15
10366	N06	20275	244.5307142	0.103022	244.5307142	0	244.5307142	0	2912	CFPAC1	Day15
10366	N07	20275	267.7225339	0	267.7225339	0	267.7225339	0	2097	CFPAC1	Day15
10366	N08	20275	1730.322932	30.591692	1730.322932	124.8882985	1733.397694	2.391943	2383	CFPAC1	Day15
10366	N09	20275	1439.009855	31.480118	1439.009855	89.24594229	1440.875959	1.767305	2716	CFPAC1	Day15
10366	N10	20275	1870.951774	33.870403	1870.951774	202.6975451	1877.302257	3.222417	2855	CFPAC1	Day15
10366	N11	20275	1598.603362	34.61145	1598.603362	133.6504247	1599.934222	2.709611	1956	CFPAC1	Day15
10366	N12	20275	1599.543817	30.863567	1599.543817	137.0985727	1600.753917	2.810424	1957	CFPAC1	Day15
10367	C03	20276	271.830658	0	271.830658	0	271.830658	0	2	H1373	Day15
10367	C04	20276		0				0	0	H1373	Day15
10367	C05	20276	1056.138059	0	1056.138059	0	1056.138059	0	45	H1373	Day15
10367	C06	20276	221.972595	0	221.972595	0	221.972595	0	1	H1373	Day15
10367	C07	20276		0				0	0	H1373	Day15
10367	C08	20276	235.770874	0	235.770874	0	235.770874	0	2	H1373	Day15
10367	C09	20276	239.697922	0	239.697922	0	239.697922	0	1	H1373	Day15
10367	C10	20276		0				0	0	H1373	Day15
10367	C11	20276	209.455284	0	209.455284	0	209.455284	0	2	H1373	Day15
10367	C12	20276		0				0	0	H1373	Day15
10367	D03	20276	268.70993	0	268.70993	0	268.70993	0	1	H1373	Day15
10367	D04	20276		0				0	0	H1373	Day15
10367	D05	20276		0				0	0	H1373	Day15
10367	D06	20276		0				0	0	H1373	Day15
10367	D07	20276	253.399124	0	253.399124	0	253.399124	0	2	H1373	Day15
10367	D08	20276	300.336751	0	300.336751	0	300.336751	0	3	H1373	Day15
10367	D09	20276	286.8869095	0	286.8869095	0	286.8869095	0	4	H1373	Day15
10367	D10	20276		0				0	0	H1373	Day15
10367	D11	20276	348.9851835	0	348.9851835	0	348.9851835	0	2	H1373	Day15
10367	D12	20276	307.4505	0	307.4505	0	307.4505	0	1	H1373	Day15
10367	E03	20276		0				0	0	H1373	Day15
10367	E04	20276	337.917419	0	337.917419	0	337.917419	0	1	H1373	Day15
10367	E05	20276	280.6679408	0	280.6679408	0	280.6679408	0	6	H1373	Day15
10367	E06	20276	278.831497	0	278.831497	0	278.831497	0	2	H1373	Day15
10367	E07	20276	233.320984	0	233.320984	0	233.320984	0	1	H1373	Day15
10367	E08	20276	291.4685873	0	291.4685873	0	291.4685873	0	3	H1373	Day15
10367	E09	20276	304.763509	0	304.763509	0	304.763509	0	3	H1373	Day15
10367	E10	20276	272.116119	0	272.116119	0	272.116119	0	1	H1373	Day15
10367	E11	20276		0				0	0	H1373	Day15
10367	E12	20276	2053.44339	66.666664	2053.44339	1238.600016	2075.183217	0	3	H1373	Day15
10367	F03	20276	1239.841864	62.479061	1239.841864	189.3884769	1236.593629	5.415969	1791	H1373	Day15
10367	F04	20276	1589.332862	68.715698	1589.332862	375.8231532	1589.051496	11.745335	1822	H1373	Day15
10367	F05	20276	1881.098687	70.040962	1881.098687	607.7847691	1870.609944	17.963722	1709	H1373	Day15
10367	F06	20276	1455.114072	68.289787	1455.114072	319.2502436	1455.116149	9.026128	1684	H1373	Day15
10367	F07	20276	1509.278936	71.510887	1509.278936	292.7932327	1516.547736	9.28297	1562	H1373	Day15
10367	F08	20276	10397.25486	79.669029	10397.25486	7748.75309	8831.419359	89.125298	1692	H1373	Day15
10367	F09	20276	10322.24258	79.225807	10322.24258	7947.482644	9050.574289	85.032257	1550	H1373	Day15
10367	F10	20276	11799.7599	82.295082	11799.7599	8298.127942	9778.3811	88	1525	H1373	Day15
10367	F11	20276	14053.66704	78.068535	14053.66704	9657.40514	11375.46261	88.598129	1605	H1373	Day15
10367	F12	20276	10061.85832	78.50029	10061.85832	7714.477688	8845.847516	85.588753	1707	H1373	Day15
10367	G03	20276	907.7588944	62.991619	907.7588944	21.26195754	908.0424246	0.580271	1551	H1373	Day15
10367	G04	20276	1207.37282	75.045868	1207.37282	123.9442377	1210.225336	3.119266	1635	H1373	Day15
10367	G05	20276	1297.071184	80.965332	1297.071184	140.7820113	1297.012123	3.670972	1471	H1373	Day15
10367	G06	20276	1113.742221	77.905403	1113.742221	48.41334476	1115.376758	1.283784	1480	H1373	Day15
10367	G07	20276	914.3155033	64.456596	914.3155033	59.65155676	915.1271709	0.478469	1463	H1373	Day15
10367	G08	20276	13164.46646	96.211578	13164.46646	9765.469794	11025.94447	99.642601	1399	H1373	Day15
10367	G09	20276	11049.47104	95.613434	11049.47104	8902.653572	9781.353332	99.383141	1459	H1373	Day15
10367	G10	20276	13542.48613	96.26683	13542.48613	9881.869498	11250.96626	99.694	1634	H1373	Day15
10367	G11	20276	13012.2311	96.306427	13012.2311	9452.913352	10783.58746	99.384407	1462	H1373	Day15
10367	G12	20276	11830.84819	96.298836	11830.84819	8865.282025	10028.1158	99.451683	1459	H1373	Day15
10367	H03	20276	290.1449688	0.967742	290.1449688	0	290.1449688	0	1550	H1373	Day15
10367	H04	20276	344.7838006	2.623126	344.7838006	2.938181973	344.8440975	0	1868	H1373	Day15
10367	H05	20276	300.1289138	2.397926	300.1289138	0	300.1289138	0	1543	H1373	Day15
10367	H06	20276	321.2701124	3.04878	321.2701124	0	321.2701124	0	1312	H1373	Day15
10367	H07	20276	336.7074457	1.978892	336.7074457	0	336.7074457	0	1516	H1373	Day15
10367	H08	20276	3151.560334	93.417923	3151.560334	2045.348292	3169.678881	40.602695	1261	H1373	Day15
10367	H09	20276	3536.983453	94.985672	3536.983453	2485.657011	3532.233364	50	1396	H1373	Day15
10367	H10	20276	3010.84529	92.476257	3010.84529	1647.839637	3019.028528	32.432434	1369	H1373	Day15
10367	H11	20276	3067.13232	94.21875	3067.13232	1839.443607	3086.291137	36.09375	1280	H1373	Day15
10367	H12	20276	2995.532829	95.741554	2995.532829	1984.661133	3002.342044	44.126286	1362	H1373	Day15
10367	I03	20276	293.1092835	0	293.1092835	0	293.1092835	0	2	H1373	Day15
10367	I04	20276	247.3555553	0	247.3555553	0	247.3555553	0	3	H1373	Day15
10367	I05	20276		0				0	0	H1373	Day15
10367	I06	20276		0				0	0	H1373	Day15
10367	I07	20276	398.119049	0	398.119049	0	398.119049	0	1	H1373	Day15
10367	I08	20276	296.944458	0	296.944458	0	296.944458	0	1	H1373	Day15
10367	I09	20276	248.3125	0	248.3125	0	248.3125	0	1	H1373	Day15
10367	I10	20276	295.8615645	0	295.8615645	0	295.8615645	0	2	H1373	Day15
10367	I11	20276	258.424652	0	258.424652	0	258.424652	0	1	H1373	Day15
10367	I12	20276		0				0	0	H1373	Day15
10367	J03	20276	328.248627	0	328.248627	0	328.248627	0	1	H1373	Day15
10367	J04	20276		0				0	0	H1373	Day15
10367	J05	20276	366.6613416	0	366.6613416	0	366.6613416	0	13	H1373	Day15
10367	J06	20276	325.1745759	0	325.1745759	0	325.1745759	0	20	H1373	Day15
10367	J07	20276		0				0	0	H1373	Day15
10367	J08	20276	300.425537	0	300.425537	0	300.425537	0	1	H1373	Day15
10367	J09	20276	252.49231	0	252.49231	0	252.49231	0	1	H1373	Day15
10367	J10	20276		0				0	0	H1373	Day15
10367	J11	20276		0				0	0	H1373	Day15
10367	J12	20276		0				0	0	H1373	Day15
10367	K03	20276		0				0	0	H1373	Day15
10367	K04	20276		0				0	0	H1373	Day15
10367	K05	20276	211.223404	0	211.223404	0	211.223404	0	1	H1373	Day15
10367	K06	20276		0				0	0	H1373	Day15
10367	K07	20276		0				0	0	H1373	Day15
10367	K08	20276		0				0	0	H1373	Day15
10367	K09	20276	314.984375	0	314.984375	0	314.984375	0	1	H1373	Day15
10367	K10	20276		0				0	0	H1373	Day15
10367	K11	20276	289.082703	0	289.082703	0	289.082703	0	1	H1373	Day15
10367	K12	20276		0				0	0	H1373	Day15
10367	L03	20276	1607.508171	57.572666	1607.508171	393.5766447	1598.285596	11.626721	1961	H1373	Day15
10367	L04	20276	1844.741585	70.109291	1844.741585	520.1831802	1825.997051	16.229507	1830	H1373	Day15
10367	L05	20276	1485.614419	62.828754	1485.614419	342.7930636	1484.826279	9.818819	1711	H1373	Day15
10367	L06	20276	1229.639349	57.738407	1229.639349	227.971025	1229.517858	4.637832	1919	H1373	Day15
10367	L07	20276	1287.436655	64.834579	1287.436655	148.4532729	1289.845557	4.749199	1874	H1373	Day15
10367	L08	20276	12457.13049	76.419212	12457.13049	8834.443938	10392.70946	88.045853	1832	H1373	Day15
10367	L09	20276	12523.93949	77.110992	12523.93949	8776.43092	10363.65983	87.891663	1883	H1373	Day15
10367	L10	20276	11718.24789	73.067207	11718.24789	8490.287172	9921.710003	83.628098	1979	H1373	Day15
10367	L11	20276	13412.0002	78.884674	13412.0002	9299.139596	10968.41652	89.388199	1847	H1373	Day15
10367	L12	20276	10979.79598	76.318405	10979.79598	8098.208767	9443.985553	82.786072	2010	H1373	Day15
10367	M03	20276	1252.588401	75.581398	1252.588401	104.2808618	1253.915185	3.059976	1634	H1373	Day15
10367	M04	20276	1280.210623	78.367348	1280.210623	88.34516303	1281.835504	3.03207	1715	H1373	Day15
10367	M05	20276	1010.000509	68.630455	1010.000509	68.90494393	1008.264838	1.606733	1307	H1373	Day15
10367	M06	20276	798.1015038	54.994511	798.1015038	31.64268505	797.8660799	0.439078	1822	H1373	Day15
10367	M07	20276	786.0024894	53.649406	786.0024894	12.99028905	786.1075572	0.311915	1603	H1373	Day15
10367	M08	20276	12962.74214	95.341415	12962.74214	9394.295025	10812.77567	99.298019	1567	H1373	Day15
10367	M09	20276	13086.2357	95.786346	13086.2357	9545.705046	10948.39197	99.347183	1685	H1373	Day15
10367	M10	20276	13068.13487	96.087234	13068.13487	9619.834622	10972.27289	99.615135	1559	H1373	Day15
10367	M11	20276	13228.04768	94.187584	13228.04768	9583.298845	11039.95963	98.877144	1514	H1373	Day15
10367	M12	20276	11446.80501	95.630371	11446.80501	8729.762106	9876.965864	98.782234	1396	H1373	Day15
10367	N03	20276	330.5554957	1.083685	330.5554957	0	330.5554957	0	1661	H1373	Day15
10367	N04	20276	342.3867967	2.46085	342.3867967	3.089103136	342.7510094	7.46E-02	1341	H1373	Day15
10367	N05	20276	366.2017602	5.13369	366.2017602	0	366.2017602	0	935	H1373	Day15
10367	N06	20276	334.6817068	5.725624	334.6817068	0	334.6817068	0	1764	H1373	Day15
10367	N07	20276	325.5636529	3.27044	325.5636529	0	325.5636529	0	1590	H1373	Day15
10367	N08	20276	3261.014264	94.828789	3261.014264	2393.766417	3277.965696	47.449337	1431	H1373	Day15
10367	N09	20276	3343.641487	91.820419	3343.641487	2518.580528	3355.357723	51.353012	1626	H1373	Day15
10367	N10	20276	2824.330198	89.094955	2824.330198	1747.434863	2846.777226	36.646885	1348	H1373	Day15
10367	N11	20276	3091.931427	89.220184	3091.931427	2033.263997	3100.936594	43.348625	1308	H1373	Day15
10367	N12	20276	2991.580007	91.27858	2991.580007	1819.397822	2999.497869	41.744286	1181	H1373	Day15
	C13									CFPAC1	Day08
	C14									CFPAC1	Day08
	C15									CFPAC1	Day08
	C16									CFPAC1	Day08
	C17									CFPAC1	Day08
	C18									CFPAC1	Day08
	C19									CFPAC1	Day08
	C20									CFPAC1	Day08
	C21									CFPAC1	Day08
	C22									CFPAC1	Day08
	D13									CFPAC1	Day08
	D14									CFPAC1	Day08
	D15									CFPAC1	Day08
	D16									CFPAC1	Day08
	D17									CFPAC1	Day08
	D18									CFPAC1	Day08
	D19									CFPAC1	Day08
	D20									CFPAC1	Day08
	D21									CFPAC1	Day08
	D22									CFPAC1	Day08
	E13									CFPAC1	Day08
	E14									CFPAC1	Day08
	E15									CFPAC1	Day08
	E16									CFPAC1	Day08
	E17									CFPAC1	Day08
	E18									CFPAC1	Day08
	E19									CFPAC1	Day08
	E20									CFPAC1	Day08
	E21									CFPAC1	Day08
	E22									CFPAC1	Day08
	F13									CFPAC1	Day08
	F14									CFPAC1	Day08
	F15									CFPAC1	Day08
	F16									CFPAC1	Day08
	F17									CFPAC1	Day08
	F18									CFPAC1	Day08
	F19									CFPAC1	Day08
	F20									CFPAC1	Day08
	F21									CFPAC1	Day08
	F22									CFPAC1	Day08
	G13									CFPAC1	Day08
	G14									CFPAC1	Day08
	G15									CFPAC1	Day08
	G16									CFPAC1	Day08
	G17									CFPAC1	Day08
	G18									CFPAC1	Day08
	G19									CFPAC1	Day08
	G20									CFPAC1	Day08
	G21									CFPAC1	Day08
	G22									CFPAC1	Day08
	H13									CFPAC1	Day08
	H14									CFPAC1	Day08
	H15									CFPAC1	Day08
	H16									CFPAC1	Day08
	H17									CFPAC1	Day08
	H18									CFPAC1	Day08
	H19									CFPAC1	Day08
	H20									CFPAC1	Day08
	H21									CFPAC1	Day08
	H22									CFPAC1	Day08
	I13									CFPAC1	Day08
	I14									CFPAC1	Day08
	I15									CFPAC1	Day08
	I16									CFPAC1	Day08
	I17									CFPAC1	Day08
	I18									CFPAC1	Day08
	I19									CFPAC1	Day08
	I20									CFPAC1	Day08
	I21									CFPAC1	Day08
	I22									CFPAC1	Day08
	J13									CFPAC1	Day08
	J14									CFPAC1	Day08
	J15									CFPAC1	Day08
	J16									CFPAC1	Day08
	J17									CFPAC1	Day08
	J18									CFPAC1	Day08
	J19									CFPAC1	Day08
	J20									CFPAC1	Day08
	J21									CFPAC1	Day08
	J22									CFPAC1	Day08
	K13									CFPAC1	Day08
	K14									CFPAC1	Day08
	K15									CFPAC1	Day08
	K16									CFPAC1	Day08
	K17									CFPAC1	Day08
	K18									CFPAC1	Day08
	K19									CFPAC1	Day08
	K20									CFPAC1	Day08
	K21									CFPAC1	Day08
	K22									CFPAC1	Day08
	L13									CFPAC1	Day08
	L14									CFPAC1	Day08
	L15									CFPAC1	Day08
	L16									CFPAC1	Day08
	L17									CFPAC1	Day08
	L18									CFPAC1	Day08
	L19									CFPAC1	Day08
	L20									CFPAC1	Day08
	L21									CFPAC1	Day08
	L22									CFPAC1	Day08
	M13									CFPAC1	Day08
	M14									CFPAC1	Day08
	M15									CFPAC1	Day08
	M16									CFPAC1	Day08
	M17									CFPAC1	Day08
	M18									CFPAC1	Day08
	M19									CFPAC1	Day08
	M20									CFPAC1	Day08
	M21									CFPAC1	Day08
	M22									CFPAC1	Day08
	N13									CFPAC1	Day08
	N14									CFPAC1	Day08
	N15									CFPAC1	Day08
	N16									CFPAC1	Day08
	N17									CFPAC1	Day08
	N18									CFPAC1	Day08
	N19									CFPAC1	Day08
	N20									CFPAC1	Day08
	N21									CFPAC1	Day08
	N22									CFPAC1	Day08
